18584
18193
18094
18705
17959
18538
17856
17879
17396
18882
18429
18656
17342
18140
17436
18579
17794
18843
17806
18432
17679
17690
18335
18381
17416
18077
18073
18517
18278
18503
18381
17923
18732
17875
17332
18640
18631
18286
17261
17897
18453
17309
17935
17621
17237
17843
18233
18406
18496
18886
17535
17973
18134
17707
17104
17307
17452
17726
17631
18069
18108
18631
18231
17807
18246
17578
17442
17445
18230
17461
18347
18470
17326
18487
17314
18186
18805
18639
17465
17421
18344
17202
17557
18620
17216
18138
18831
18488
18044
18539
17435
18601
17488
17391
18440
17332
17334
17341
17865
18856
18733
18286
18628
17909
17863
18000
17105
18630
18831
17910
18205
18897
18618
17816
18696
17789
17533
17918
18003
17811
18160
18835
17790
18720
17946
18760
18545
17490
17245
18670
18313
17936
17610
18168
18606
17207
18856
17601
17379
17194
18554
17226
18213
17946
17343
17214
18815
17887
17190
18697
17869
17733
17848
18030
17104
17362
17936
17560
18130
18311
17809
18068
18730
17238
18632
18701
17402
18891
18706
18704
18479
18173
18310
17265
17137
17719
17918
18749
17812
18746
18418
18738
17389
17990
17133
17372
17289
17353
18244
17465
17603
18870
18469
17839
18268
18537
18524
17356
18888
18066
17996
17358
18486
17520
17532
17125
17576
18609
17991
17542
18021
18687
18209
18689
18883
18421
17487
18877
17624
17138
18014
18762
18155
17277
17206
18519
17743
17802
18512
17221
18392
17507
18718
18644
18248
18715
17979
17221
17148
17551
18787
17375
18779
18158
17683
17246
17887
17907
18188
18825
17295
18360
18020
17290
17467
17556
18854
17772
17546
18856
18179
18000
17793
18703
17809
17608
18885
17589
17971
18880
18627
18050
18641
17402
17893
17894
18857
18721
18656
18703
18166
17128
17188
17912
18464
18435
17972
17333
17420
17302
18302
17548
18006
17813
17261
17110
18684
17964
18885
17871
18892
17512
17638
17289
18401
17869
18109
17488
18874
18274
17967
18138
17756
17698
17728
18053
17209
17364
18220
18709
18425
18805
17307
18318
17200
18228
17378
17327
17903
18055
18439
17440
18319
17780
18893
17957
18892
17626
17737
18659
18639
18481
18452
17283
18742
17279
18507
18789
17680
17765
18283
18494
18363
17913
18225
17261
17297
18861
17385
17595
18507
18056
17644
18105
18324
18756
18192
18550
18785
17720
17531
18016
18886
18534
17391
18747
17117
18047
17589
17592
18796
17734
18323
18672
17348
17123
17791
17266
18561
18481
18041
17361
17743
18545
17196
18729
18273
17600
17150
18403
18528
17431
18841
18223
17242
18210
18288
17713
17888
17179
17973
18320
17837
18855
17114
17731
18700
17897
17311
17908
17817
17502
18028
18345
17539
18329
18799
18833
17696
17784
18576
18429
17113
17503
17891
18303
17664
18195
18598
18142
18840
18345
17164
18322
17315
17160
17489
18270
17449
17397
17991
18724
18552
17621
18240
18813
18735
18416
17189
17896
18448
17964
17758
17843
18581
17280
18707
17936
17770
17962
18363
17266
17363
17355
18298
18472
18431
17161
18400
17593
18341
17149
17344
17737
17582
17519
17167
18563
17116
17310
18542
17119
17513
17380
18008
17806
17947
18306
18752
18196
17871
17200
18077
18556
18435
18311
18687
17802
17184
17123
17783
17813
17832
17979
18882
18700
18716
18258
18743
17907
17809
17515
18465
18030
18172
17617
18758
17781
17772
18557
18257
18640
18807
17611
17957
17693
17271
18887
18043
18168
17302
18388
17998
18282
17752
17877
17757
18085
18393
18216
18728
18694
18391
17271
18607
17412
18832
17609
18792
17377
17727
17105
18791
18791
17283
18581
17570
17332
18104
18218
17414
18113
17274
18549
17852
18127
17415
18837
17288
17355
17877
18151
17268
17884
17477
17346
18720
18106
18062
17245
18045
18841
17132
17758
18594
18454
18794
17213
17638
17698
17205
17639
17751
17573
17547
18319
18779
17317
18645
18546
17100
17198
17897
17241
17825
17940
17299
17109
17356
17143
17492
18390
17974
18758
17779
18588
18673
17400
18564
18354
17167
18830
17326
18152
17375
17877
18034
17520
17593
17723
17840
17259
17418
17528
18276
18845
18553
17135
18265
18126
18370
17612
18180
18826
17259
18560
17877
17700
17774
17483
18481
18806
18487
17601
17268
18292
17414
18841
18805
17994
18030
18130
17514
18498
18039
17846
18262
17867
18754
18548
17528
18030
18324
18592
17414
17987
17860
17614
18145
17564
18143
18719
18426
18448
18244
17163
18670
18755
18860
18808
17598
18563
18884
17425
17658
18614
18630
17579
17303
18099
18885
17100
18351
18454
17280
18388
18408
18752
17160
17929
18543
17782
17965
18181
17374
18480
17470
17539
18852
18141
17944
17475
18772
17533
17194
18241
18609
18695
17326
18645
17504
18477
17689
17550
17878
17460
18071
17760
18404
18816
17297
17688
17616
17656
17128
18629
18430
18846
17287
17794
18014
17578
17268
18833
17520
17391
18023
17546
18878
18389
17198
17116
17200
17457
17232
17603
18262
17482
17296
18859
18441
18261
18325
18084
17115
18652
17224
18118
18393
18274
17469
18199
17397
17898
17534
17427
17825
18672
18588
17851
18057
18480
17991
18761
18488
17639
18560
18299
18070
17711
18333
18726
17552
18446
18221
17180
17336
18336
18645
18225
17823
17876
17842
17699
18624
17429
17551
17128
17367
18898
17257
18541
18250
18352
18249
18100
18591
17911
18514
18653
18710
18842
18653
18328
17464
17715
17913
17849
18224
17542
18454
18317
17440
18612
18684
17549
17528
17763
17463
18497
17587
18300
17886
17343
17938
18118
18220
18612
17797
17705
18646
18889
17270
17637
18535
17490
17897
17492
18417
18403
17530
18565
18652
18419
17797
18754
17828
18374
17483
17661
18013
18454
18324
18798
18650
17490
18848
18656
18424
17601
17618
17405
18468
18640
17687
18455
17428
17755
18035
17985
18300
18729
18054
18701
17175
18515
17437
18631
17161
17710
17547
18081
17355
18174
17738
18888
18511
18021
18716
18015
17812
18797
17231
17243
17908
17274
17369
17752
17916
17764
17959
18186
17651
17387
17172
17445
17263
18876
17601
17313
17189
17532
17488
17112
17839
17690
18157
18018
18315
18817
18159
18572
18145
17949
17771
17668
18781
18271
17706
18152
18886
18244
17540
17631
18078
17379
18373
17559
18092
17198
17887
17321
18502
18120
17416
17947
18122
18425
18102
18020
17199
17734
18504
18069
18183
18668
18038
17174
18656
17317
17900
17279
17332
17348
17547
17544
17309
18246
18656
17170
18741
18339
18793
18896
17813
17731
17421
17672
18196
17428
18788
18039
18315
18499
17455
17884
18758
18384
18425
18075
18789
18471
17494
18885
18044
18220
17475
18261
17824
17471
17166
18735
17459
18440
17743
18156
18754
17997
17239
18809
17957
17802
17623
18537
18438
17416
17397
17991
17702
18089
18787
17497
17620
17667
17849
17426
17823
18891
17348
18535
18591
18444
17358
17212
17798
18272
18455
18271
17109
18853
18748
17445
17204
17212
17616
18355
17298
18462
17457
17296
18518
17264
18404
17818
17645
18513
17395
17454
18733
17354
17718
17700
17929
17461
17632
17658
17446
18560
17243
17223
18117
18212
18406
18331
18139
17209
17230
18390
18637
17821
17475
18374
17416
18581
18557
18765
18543
18259
18550
18521
18078
17656
18234
18174
17847
17795
17100
17961
17963
18155
18514
17550
18068
18426
17717
18685
17832
18570
17994
17912
18392
18284
17636
18761
18402
17799
18517
18809
18652
18590
17938
18044
18466
17670
18703
17555
17537
17422
17387
18577
17909
17663
18573
18731
17672
17286
17791
18658
18292
18063
18362
17883
18315
17348
18835
17497
17125
18207
18084
17744
18522
17373
18294
18173
17704
18459
18029
18693
18447
18061
17228
17459
17915
18716
17115
17966
17362
17392
17958
17698
17831
18879
17688
18373
18446
18789
17280
17581
17400
17980
17587
18441
17361
18341
17298
18189
17473
17408
18509
17450
17408
17241
18567
18725
18150
18204
17636
18767
18354
18585
18585
17821
17528
18035
18715
17504
18544
18550
18155
18119
17181
18119
18248
17156
17331
17441
17678
17773
17189
17997
17238
17476
18174
17625
17965
17529
17950
17636
17289
18398
17983
17249
17521
18539
18737
18234
17884
18315
17722
18487
17293
17142
17922
17416
18222
18625
18879
17591
18171
17371
17604
18593
17200
17562
17383
18790
18789
17317
17291
18118
17720
17203
17275
17767
17292
18332
18008
18541
18298
17558
18413
18393
17701
17787
18816
17118
17618
17368
17836
17847
18223
18897
17573
17852
18715
18556
18228
18615
17919
17643
18548
17810
18244
17910
18404
17140
18237
17512
17934
17244
18517
17968
17735
18204
17332
18516
18591
17697
17446
18553
17323
17778
18733
17462
17290
18728
18624
17881
18589
18725
17284
18786
18235
17696
17962
18063
18235
18567
18537
17855
18475
17254
17670
18163
17560
17263
18816
18194
18047
17418
17809
18564
18012
17424
18034
17906
18281
18690
17934
17515
18562
18680
18419
17826
17470
18350
17244
17918
18016
18561
18522
18306
17326
17803
17539
17710
17314
18251
17932
17885
18584
18801
18235
17602
18863
17664
17712
17940
18011
18037
18878
17481
17634
18551
18540
18010
17238
17407
18049
17251
17650
17706
18495
17471
17121
17388
17575
17825
18307
17528
18365
18686
18273
18189
18085
17881
18555
18787
17894
17806
17816
17391
17751
18387
17142
18882
18071
18652
18795
17121
18201
17487
17827
17425
18040
17591
17530
17657
17751
17404
17972
18021
17317
17755
18323
18351
18678
17498
17986
18688
17621
18511
18200
18728
18209
18522
18878
17459
17453
18359
18268
17541
17117
17360
17153
18550
18886
17707
18826
18049
18573
18464
18125
17770
18795
18422
18046
18046
18631
17670
17810
17168
17708
18559
17770
17153
17604
18556
17154
18303
17101
17243
17419
18634
17644
18728
18293
18091
18440
17257
17217
17965
17472
18531
17806
18888
17455
18645
17354
18123
18518
17987
17996
18507
18251
17222
17904
18490
18481
17210
17498
18017
18144
18312
17214
17464
18454
17893
18559
18557
17686
18579
17815
18156
17440
18582
18639
17127
17666
17482
18231
17590
18013
17931
17904
18784
18258
17404
18448
18458
18183
18452
17998
18007
18453
17774
17422
18585
17684
17841
18255
18639
17953
17576
18803
17903
17334
17682
17631
18446
18370
18355
17164
17910
18380
18260
17678
17127
18882
18810
18787
17730
18142
18203
17853
17617
18412
17270
17715
18571
17229
17106
18101
17494
18784
18815
17167
17510
18337
18669
18384
17782
17426
18258
18811
17604
18545
18152
17181
17433
17650
18638
17472
18737
18559
17261
17456
18504
18749
18470
18733
18254
18449
17306
17104
18029
18595
18266
18425
17568
17825
18504
17344
18806
18799
18142
17298
18751
18334
18062
18534
18342
17507
18089
17297
17736
18689
18444
18351
17764
17673
17679
18155
18427
18897
18840
17225
17850
17986
17696
18306
18261
18039
17228
18615
18135
18171
18663
18154
18688
17730
17966
18505
17165
17403
17332
17684
18838
17988
17582
17834
17996
18767
18802
18231
18370
18820
17988
18712
17941
18230
18537
17802
17935
17778
18328
18455
17192
18397
17973
18178
17574
18310
17319
18286
18191
18804
17629
18698
18548
17137
17557
17952
18345
17695
18573
18575
17322
17194
17382
17933
17960
17750
18285
18544
18083
17106
17611
18607
17506
18382
18592
17308
18394
17881
18659
18053
17180
18118
17413
17771
17994
17343
17864
17979
18794
17298
18794
17644
18411
17123
17334
17439
17704
18875
17740
17734
18732
17312
18631
17998
18581
18069
18368
17182
17219
18379
18273
18069
18298
17167
18381
17639
18591
18214
18582
17233
18000
17895
18799
18093
17527
18640
18740
18072
18511
17116
18062
18242
18391
18083
18691
17445
17528
17786
18453
18242
18386
17564
18433
17952
17924
18081
18660
18774
18851
18047
17473
17659
18362
18718
18654
17452
18043
18704
18376
18590
18261
18393
17947
18509
17335
17795
18175
17852
17700
17101
17863
18334
17847
17365
17988
17404
18304
18340
18577
17951
17903
17137
17912
18385
18785
18608
17758
17815
17162
18772
17202
17474
17106
17106
17923
17943
18290
17561
18787
18371
17888
18831
18510
18770
17649
18765
17472
18714
18599
18630
18494
18316
18475
18804
18459
18627
17581
18220
18038
17583
17810
17227
17826
18324
17140
18432
17815
18759
17440
17179
18807
17545
17725
18567
18411
18640
18697
18245
17270
17426
18768
17817
17370
17515
18143
17200
17522
18752
18605
17450
17528
18660
18867
17645
18040
18324
18766
18562
17149
18007
17763
17716
17835
18304
18418
18013
18108
18694
17518
17147
17246
17435
17852
18748
18861
18868
17713
18870
18389
18849
17881
18011
17155
18518
18806
18034
18717
17281
17822
17592
17614
18773
18224
17897
17487
17894
18048
17786
17114
18894
18129
18041
17481
18023
17162
17744
18759
18729
17548
18653
18468
18358
17347
17621
17879
18501
18227
17627
17711
18652
17493
18539
18435
17178
17713
18044
18859
18316
17702
17413
18206
17998
17673
17927
17205
17124
18851
17972
17552
17689
17966
17318
17879
17543
17976
18683
17460
18752
17281
17655
18496
17350
17834
17522
18498
17550
17246
18636
17495
18426
18246
18198
17726
18270
17551
17563
18364
17795
17278
18280
17928
17307
17776
17959
17327
18516
17619
17106
17290
18257
18249
18774
18254
17741
17942
17877
17461
17617
18495
18185
17459
17863
18845
18558
18516
17912
17651
17871
18452
18844
18444
18188
17575
17616
17545
17371
17362
18445
17130
17780
18793
18398
17930
18569
17659
18473
18120
17885
17875
17178
18019
18596
18328
17789
18077
18356
18783
18627
18556
18867
17679
18798
18757
17969
17445
17448
18865
17167
17321
18881
17141
17304
18393
17232
18485
17687
18293
17588
18081
17601
17291
18067
18106
17268
18092
17650
18262
18496
18198
18422
18234
18229
17571
17707
17264
18566
18890
17339
18218
17365
17821
17169
18389
18758
17579
17382
17329
17304
17990
17508
18376
18897
17263
18090
18101
17529
17129
18047
17487
17731
17203
17706
17150
18095
18770
18569
17822
17339
17895
18464
18874
18140
18260
17165
17786
18367
18605
18514
17239
18388
18765
18578
18598
17118
17206
18888
18004
17836
17461
17500
18321
17324
17333
17159
17856
18632
18899
18705
18294
18825
17674
18633
18297
17292
18256
18885
18851
17730
17624
18354
17679
17772
17818
18694
17747
18423
18736
18772
18838
18604
17362
17481
17668
17779
18724
17365
18527
18737
17230
17691
18449
18535
17876
17356
17840
18590
18336
17360
18377
17727
18757
17807
17336
17848
18661
18008
17462
18148
18101
17392
17988
17913
17118
17749
17607
18552
18312
18075
18732
17833
17219
17319
18198
17766
18550
18018
18814
17656
17115
18144
17963
18151
18586
17641
17722
18302
18190
17456
17359
18477
18781
18594
18157
17972
17971
17417
18194
17604
18097
17146
17263
18736
18570
18036
17926
18852
17975
17403
17788
17149
17355
18243
18250
17337
17697
17832
18143
17184
17485
18061
17528
17235
17456
18604
18410
17180
18104
17854
17422
18678
17247
18803
18599
18327
17235
17476
17793
17275
18062
18334
17386
17714
18799
18314
18221
17565
18505
17156
18556
17405
18538
18400
18894
18725
17302
17108
18834
18433
18453
17242
18459
18295
17826
17108
18180
17980
18382
18757
18430
17898
17525
18837
18391
17665
18543
18037
18397
18228
18057
18260
18516
18069
17461
18569
18564
17900
17967
18034
18006
18692
18002
18885
17416
18350
17267
17525
17504
17433
18395
17520
18077
18690
17971
17206
18276
18705
17459
18612
17274
17997
17403
17561
17861
17377
18110
18384
18080
17950
18724
17280
18430
18307
18119
17913
18774
17155
18432
18592
17656
18014
17842
17756
17984
18002
18175
18106
18072
18035
18107
18054
18155
18752
17254
18211
18559
17656
18461
17381
17658
17749
17115
17845
17497
18161
17484
18500
18525
17662
18082
17643
18582
17650
18572
18147
18068
17762
17315
17105
17300
17350
18559
18804
17616
18422
18722
18602
18531
18531
17403
18415
17659
18681
17181
17232
17224
18595
17897
18079
18531
18872
18082
18056
17282
17293
17247
18155
18028
18443
17462
18307
18304
18874
17471
18686
17779
18509
17919
18790
18193
17616
18374
18664
18547
17808
17963
17146
18850
17947
18838
18834
17531
18328
18854
18405
18284
17359
17580
17334
18398
17627
17856
18887
17987
18855
17683
18844
17265
18000
17453
18774
18248
17393
17463
17518
18761
18268
18531
17763
17808
17248
17835
18005
18739
17518
18728
17907
18467
18793
17404
17122
18754
17213
17401
18422
17509
17710
17179
18342
17709
17284
18532
17683
18257
18702
18175
17730
17950
18549
17623
17363
18817
18426
18400
18280
17172
18643
17494
18545
17207
18362
18326
17575
18081
17638
17569
18192
18688
18510
18864
18132
18349
18571
18100
18189
17371
17509
17725
18500
17665
18177
17278
17361
17926
17802
18494
17402
17725
17414
17842
17873
17401
18802
17873
17775
18003
18624
17329
17949
17529
18759
18288
18149
17465
18276
18861
17796
18303
18248
18616
18747
17803
17394
17727
17974
17934
17991
18459
18605
17831
18887
18563
17313
18305
18674
18823
17585
17751
17698
17847
18045
17899
17186
17685
18050
18514
17495
17823
17880
17916
18311
18866
17848
18731
17888
17108
18259
18738
17473
17753
18703
18297
18398
17377
17826
17662
18864
18767
18388
17765
18868
18892
18736
17851
18118
18805
17947
17856
17669
17755
18616
18803
18112
18874
18132
18426
17353
18620
17174
18722
17753
17150
18200
17908
17724
17803
18108
18577
17927
18376
17321
18591
18591
18465
18749
18636
18107
18546
18736
18826
17349
17527
17222
18444
17205
18520
17309
18240
17799
18663
17511
18725
17998
18340
18386
18783
17225
17299
17127
18673
17804
17476
17744
17315
17594
18196
17413
17452
17834
18354
17432
18401
17231
17477
18712
18246
17429
18267
18579
18892
18713
18333
17304
17380
17904
18562
17404
18155
17235
17280
17682
18071
17737
17170
17664
17265
18053
17215
17560
17595
17810
18095
17605
18364
18356
17971
18311
18801
17225
18797
18400
18751
17760
18062
17351
18310
17328
18135
17781
18760
17700
18130
17815
18610
17861
18778
17347
18642
17825
18320
17262
17618
18339
17480
18245
17372
17811
17243
18307
18535
17320
18837
17242
17352
17282
17578
18725
18596
17389
17597
17470
17341
18579
17401
18700
18123
18105
17372
18207
18189
17973
17841
17687
18161
18086
17869
18393
17824
18060
18259
18395
18285
17946
17332
17467
17976
17802
17377
17699
17774
18631
17699
17703
17251
18376
17342
17450
18698
18228
17568
18149
18156
18473
17168
18146
18023
18778
17237
17545
17193
17944
17885
18137
17790
17287
17408
17185
17542
17317
17619
18382
18571
17830
17977
17672
17649
17372
18063
17545
17350
18846
17735
18029
18764
17150
17399
18184
18829
17639
17378
18149
18823
18118
17352
18835
17440
18064
17338
18565
17411
17773
18497
18289
17907
17691
18879
18048
18536
18726
17949
18072
17480
17543
17887
18423
17111
18635
17125
17249
17458
18517
17435
17708
17569
17414
18620
17690
18651
18452
18882
18422
17982
18225
17369
18802
18391
17109
18205
18897
18215
18743
17177
17985
17783
18160
17193
17459
17637
17472
18202
17925
17215
17525
18528
17375
18455
18241
17953
18310
18096
17891
17145
18366
18000
17705
18092
18307
18623
17677
17203
18897
17671
17669
18857
18674
17612
18600
18597
18752
17685
17917
18222
17668
17396
18502
17698
17326
18387
17254
18111
18070
17439
18518
17917
17187
17745
18494
18091
17994
17858
18650
18769
18617
17623
17202
17134
17468
17342
17295
17364
18439
17976
17739
17673
18133
17952
18617
17599
18889
17970
18285
18654
17116
17199
17924
18535
18798
17272
17447
18052
17856
17113
18708
18815
18345
18201
17214
18785
18431
17638
18606
18340
18840
17534
17217
17811
17650
18059
17364
18568
17712
18287
17246
17374
18398
17489
18237
18720
18895
18214
17532
17265
18852
17691
17795
17806
17720
17874
17551
18017
17962
17692
18052
17919
17699
18062
18408
17388
17313
17918
18369
17557
17427
17696
17594
17863
17533
17644
18474
18038
17598
18706
18830
18649
17552
17257
18184
18180
18272
18452
17343
18069
18135
18783
17817
18844
18208
18832
18679
18092
18859
17321
17152
17503
18521
17525
17728
17241
17977
18025
17482
18811
17978
18461
17796
17955
17954
18427
18706
17234
17647
17919
17165
17183
17652
18183
18446
18674
17550
17462
18278
17307
18856
18147
18023
17220
17235
17447
18560
18468
17322
17479
17501
18870
18493
17663
18102
18169
17499
17680
17289
18209
17510
17634
18266
18662
17658
17422
17778
18051
18359
17437
18861
18218
17743
18637
17560
17910
18897
17606
17747
18729
18463
18783
18804
18799
17685
18439
18692
18706
17827
18616
18158
17727
17117
18694
18309
17578
17401
17249
18845
18566
18321
18055
18501
18639
17665
17687
17899
18819
18819
17921
17624
18878
17329
17433
17854
18293
17787
17621
18895
18318
18682
17229
18128
18030
17940
18739
18534
17667
18529
18379
18375
17323
18077
18388
18477
18588
18135
18816
18838
17981
17800
18785
17272
18700
18425
17884
18475
18370
18215
18650
17278
17917
18280
18796
18511
17973
17570
18416
17662
17297
17193
17842
17961
17778
18354
17612
17549
17375
17135
17568
17803
17939
17794
18197
18281
18748
17852
18417
17123
17357
18472
17174
17458
17383
17604
17760
17916
17323
17288
18477
17987
18836
17387
18030
17554
17835
17434
18278
17686
17618
18281
17712
17450
17156
17239
17166
18253
17805
18085
17967
17615
17398
17784
17616
17626
17364
18607
17151
18710
17538
18095
17651
17120
17484
17565
18392
18699
18846
18347
18378
17639
17259
17567
18640
18425
17178
17528
17907
18403
18654
18267
18295
18158
18357
17957
18369
17422
17804
18481
18121
18389
18817
18173
17674
17346
17105
18624
17968
18803
17347
18814
17113
17200
18244
18047
18599
17242
17596
17973
17341
17756
17609
17813
17152
18593
18475
17656
17272
17526
17247
17186
18183
18577
18712
17594
17153
17331
17299
17396
18253
17970
18722
18075
17755
17242
17516
18019
17966
18836
17154
17974
17564
17151
17885
17804
18347
17119
17310
18129
18734
18635
17870
18186
17305
17131
18223
18320
18073
17882
18394
17448
17799
18264
17403
18690
18319
17179
17451
17113
18468
17912
17308
17346
18647
18100
18394
18896
17343
17864
17135
17847
17939
17820
17911
18344
18646
17794
18198
17325
17489
17655
18255
18286
17288
18310
17774
18602
18358
17142
18288
18098
18194
18660
18298
18162
18598
18532
18447
18377
17133
18652
18310
17132
18846
17897
17115
17334
18454
17311
18637
18178
17634
18515
17640
18252
17317
17995
17932
18013
17567
17968
17437
17877
18423
17907
17348
18614
17371
18518
17390
17407
18829
18532
17772
18558
18687
18795
17387
18658
18707
17985
18284
18727
17244
18741
18079
17355
18817
17367
18355
18273
18651
17243
17369
18660
17125
18034
17994
18046
17923
18106
18198
18113
18102
18551
17375
18654
18767
18289
18165
17461
17698
17248
17204
17644
17366
17285
17162
18043
18298
18803
17941
18287
17586
18294
18788
18221
18689
17291
17893
17690
18289
18792
17415
17865
18481
17381
18089
17636
17302
18427
18187
18486
18718
18092
17107
18353
18785
18884
17915
18699
17304
18374
17232
18847
18019
18330
17399
18209
18837
18749
18843
17762
18771
18449
17714
17861
18749
17495
18600
18304
18012
18042
17324
18119
17813
17942
17754
17165
17396
18513
18729
17613
18732
17712
18790
18297
17278
18501
18304
18008
17873
17744
18565
18565
18753
18892
17133
17774
17651
18252
18510
18514
18255
18805
17975
18374
17783
18677
18754
18010
17464
17996
17659
17271
17502
17914
18558
17236
17460
18506
17272
18338
18596
17341
17860
18324
18420
17986
18081
18611
18186
17412
17634
18705
18770
18804
18278
17244
18525
17345
18865
18438
18732
17702
17827
17202
17861
17699
18791
18113
18637
17318
17303
17654
17263
17899
17742
18215
18836
18601
17926
18054
17179
18296
18540
17606
17899
17536
17464
17249
18055
18683
18129
18217
18881
18709
17720
18270
18210
17419
17299
17368
18856
17123
17830
17918
17617
17402
17277
17334
17568
17123
17341
17981
17878
17182
17507
18697
17690
17376
17333
17621
17580
18258
18600
17941
17534
18108
18026
18339
17276
17587
17137
17257
18070
18320
17251
18824
18699
17635
18280
18832
17361
17152
18460
18377
18786
18817
18601
18346
18168
18876
17917
17456
17901
17934
18584
18617
18388
18768
18361
17713
18044
18873
17609
17956
17806
17317
17232
17805
18733
17637
18078
18711
17830
17190
17685
17698
18368
18734
17101
17673
17333
18636
17112
17553
18305
17200
17704
17740
17347
18835
18045
17295
17322
17448
18603
18296
17201
18803
17667
17597
18438
18816
18553
17393
18000
18295
17950
18232
17175
18767
17135
17149
18320
18265
18614
18617
17673
17543
17559
17927
18354
18636
18558
17198
17973
17941
18423
17527
17295
18809
18486
18671
18823
17669
17464
18255
17734
18595
17153
17874
17520
18411
17279
17703
17210
17218
17151
18024
18076
17339
17471
17914
17562
17372
17852
18830
17421
17210
18085
17151
17471
17311
18583
17805
18687
17722
18555
18257
18473
17664
18661
18354
18402
18387
17430
17447
18122
18528
18651
18414
18275
17700
18407
17589
17362
18225
18207
18143
18779
18406
18125
18393
17954
17165
18320
18509
17119
17634
17850
17351
18529
17960
17201
18438
18046
18877
17658
18181
18449
18737
17907
18403
18422
18059
17215
18359
17755
18589
18704
18152
17183
18745
18192
17493
17271
17604
17720
18064
17134
18386
17725
18400
17421
17578
18007
18231
18235
18059
17556
18889
17895
18703
17309
17206
17892
18783
17831
18122
18148
18000
18453
17115
18528
18468
18884
18346
18063
17140
17575
17622
18069
17156
18236
17197
17677
17863
18038
18437
17810
17909
18364
17578
17331
17458
17483
18608
18886
17497
18599
17724
18054
17808
18400
17486
18567
17278
18850
17738
18041
18595
18709
17503
17787
18519
17855
18582
18699
17270
18622
17167
17699
17657
17939
18442
18142
17280
17651
18402
18859
18120
17751
17734
17128
18239
18455
17330
18739
17576
18019
18635
17558
17203
18010
18666
17305
17475
18870
18115
17860
17463
17519
18167
17357
18169
17583
17455
18215
17195
18135
18377
18828
18636
18400
17704
17299
18101
17828
17807
17213
17952
17637
18326
18173
18275
18534
18704
18703
17121
18385
18644
18411
18322
17921
17883
18697
18301
18450
17186
18814
17635
18589
18064
18296
18253
18840
18377
18471
17240
17925
18221
17845
17528
17698
17419
18319
17771
17601
17650
17476
17480
17321
17705
18342
17168
17652
18804
18518
18171
17242
18082
18813
17614
17967
18694
17792
17444
18280
18747
17419
18386
18756
18107
18682
18856
17712
18041
18740
17724
17963
17934
17753
17305
17876
18281
17181
18536
18537
18618
17549
17693
17345
18553
17186
18622
17787
17434
17803
17208
17249
18260
17528
18515
18192
18338
18429
18510
18105
18442
18115
18749
17741
18660
17813
18042
17803
18781
18201
17571
18094
17781
18238
17675
17326
18853
18453
17130
17435
17125
17675
18705
17553
17149
17989
18873
18104
18626
18613
17564
18820
18388
18133
17103
17581
18470
18761
17333
17935
17333
18314
17695
17148
17756
17959
18387
18464
17527
18607
17483
18126
17975
18469
17528
17618
17534
18835
18558
18598
17115
17123
17985
18177
18800
18825
18056
17836
17338
18428
18418
17519
18249
18503
17646
17252
18809
17611
17359
17961
18239
18448
17208
17876
17560
18715
17324
17514
18391
18770
17745
18009
18357
17534
18302
18351
18518
18160
18554
18155
18377
18167
17823
17818
18360
18097
17568
17124
17138
18416
18086
17896
17173
18183
18473
18701
17328
18661
17973
17531
18375
18441
18019
18673
18136
17247
17938
18464
18270
17849
18093
18216
18139
17490
17678
18882
18556
18695
17619
18382
18216
18287
17721
18765
17433
18492
18063
18313
17198
17778
17716
17108
18768
17536
18443
17190
18275
18285
18277
18219
18503
18645
17207
18101
18440
17996
18102
17702
18707
17338
17937
18376
17315
17591
18279
17312
17506
17665
17400
18792
18755
18731
17488
18029
18768
17648
18793
18128
17599
18665
17999
17536
17915
18172
17514
18288
18504
17278
18680
18725
18038
17673
18634
18092
17914
18825
18704
18801
18873
17363
17558
18650
17391
17640
18017
17629
18728
17281
18453
17784
18804
18859
18113
17616
17128
17429
18806
18555
18154
17551
18787
17577
18397
17357
18036
17440
18326
17572
18100
17504
18726
17925
18153
17864
18098
17416
18063
18494
18719
18642
18624
17556
18722
17130
18354
17377
17879
18256
18721
17645
17487
18823
18695
18033
18080
18118
17313
17470
17136
17273
18636
18750
17617
18725
17712
17176
17508
18027
17611
18391
18535
17948
18681
18509
18753
17431
18619
18452
17695
18303
18109
17566
17568
17424
17773
18685
18374
18227
17648
17829
17126
18096
17239
17977
18682
17115
18707
18795
18620
18666
18276
18168
17318
18022
18712
17403
17336
18273
18266
17289
18490
17487
17833
17493
17562
17208
17347
17605
18448
17492
18402
18893
18856
17960
18197
18042
18640
18120
18554
17394
17835
18117
18235
18889
17901
17129
18782
17167
17480
18825
18617
17753
17926
17307
17630
18068
18344
17287
17108
17418
17230
18403
17110
17142
18784
17649
18063
18786
17205
17540
17550
18515
17961
17251
17255
18603
18868
18341
18234
17895
17761
17478
18288
18890
18093
17929
17619
18162
18153
17430
18373
18058
18728
18845
18156
18784
18341
17132
17516
17359
17367
18478
17766
18328
17374
17637
17104
18804
18891
18369
17492
18613
18827
17617
17485
17798
17525
17865
17896
18847
17300
18797
17224
17182
17342
17957
17268
17827
18822
18505
18829
18003
17543
17351
17322
18471
17586
17858
17174
18669
17794
18366
18021
17679
18694
17514
17682
17883
18814
17164
18165
17628
18498
18171
18164
18390
18688
17841
17719
18047
17500
18751
18704
18300
17669
17510
17547
17714
17477
17563
18122
18695
18352
17459
17700
17783
17817
17200
17279
17411
18874
17818
18883
18503
17531
18761
17265
17603
17301
17145
18460
17484
18711
18783
18671
17852
18464
18852
17616
17760
18734
18856
18595
18488
18031
18848
17985
17348
17254
18795
18434
18052
17568
17626
17209
18345
17287
18662
17224
17419
17542
18590
17684
17443
18430
17633
18289
17210
17137
18512
17745
17808
18246
18360
18505
18241
17613
17575
17445
18062
17595
17180
18805
18136
18079
17724
17520
17986
17653
18467
18032
18856
18419
17472
17933
18194
17203
17156
17279
18205
17449
17331
18534
17460
17469
18428
18293
18363
17235
17822
18591
18413
18273
18323
18007
17966
18280
17962
18766
17227
17359
18319
18409
17376
17228
18558
18825
18242
17644
17368
18752
17487
18214
18461
18392
18515
18499
18467
18558
18741
17120
18845
17447
18352
18583
18783
17289
17734
18627
17225
17749
17330
17531
18323
17604
18397
18552
17393
17456
17924
17570
17142
18452
17319
18296
17957
17870
18469
17199
17477
18628
18046
18646
18573
17581
18233
17399
18681
17322
18544
17495
17740
18077
18897
18138
17439
17192
17814
17329
17560
17768
18670
17237
18174
18052
18013
17753
18852
17169
18122
17971
18348
17296
17336
17139
18678
18610
18808
17791
17321
17506
18116
17686
17577
18668
17486
17212
18186
17845
18570
17213
17348
17179
18386
17501
17783
17214
18665
17423
17817
18264
17202
18285
18158
18545
18578
17384
17335
17589
18691
17336
18302
18874
17986
18078
17408
17356
17731
18128
17236
18227
18795
17613
17356
18889
17135
17690
17178
18668
18219
17500
17765
18443
17269
18382
18611
18255
17124
17381
18264
18791
18699
17810
17248
18280
18106
18376
18786
18084
17423
18728
17727
18635
18632
18025
17225
18136
17548
17731
18262
18102
17267
17894
18847
18570
17420
18406
18836
17866
17910
18122
18459
18526
17144
18397
18705
17446
18644
17636
17599
18309
17289
18554
18744
17357
17705
17297
18131
17378
18323
18561
17460
17131
18786
17174
17392
17726
17477
17301
17185
18651
17783
18478
17918
18525
17442
17449
18174
18252
17816
18234
17446
0