12541
12397
11545
11854
12558
12258
12394
12391
11541
12237
11500
11432
12075
11936
12038
11758
11980
12085
12013
11884
11853
11727
11685
11426
11870
11536
12281
11970
11949
11548
12077
12399
11435
12573
11937
12551
12531
11417
11833
11971
12376
11729
12331
11644
12542
12267
11400
11728
12316
12034
11599
12357
11840
11981
11823
11741
12531
11549
11739
12299
11775
11899
12563
11445
11726
11601
11824
11483
11589
11735
11824
12295
12545
11570
12083
12517
12192
12552
11924
11973
11540
11655
12268
11870
11443
11830
11556
12565
12114
11980
11658
11758
12324
11408
11511
12067
11517
11728
12190
12499
12380
12070
11990
11612
12200
11464
12075
12284
11882
12511
12306
11668
11644
12426
12236
11966
12192
12388
12238
11665
12212
12547
11646
11859
12452
12371
12256
11710
12257
12466
12450
12070
12545
11725
12548
12474
11974
12443
12429
12136
12163
12216
11658
12534
11501
12261
11655
11615
12174
11982
11939
11482
12224
11900
11775
11537
12376
11900
11624
11664
11537
11695
11925
12029
11451
12388
12194
11944
11506
11875
11871
11890
12084
11819
12179
12195
11758
11407
12245
12374
12038
12156
11820
11832
11566
12222
11557
11953
12471
12355
12389
11425
12229
12128
12239
11727
12594
11490
12248
11854
12117
11592
11530
12018
12148
11456
11590
12482
12343
11439
12301
12493
12127
11669
11793
12033
11431
12592
12535
12426
12442
12480
12016
11561
12517
11707
12520
11445
11966
11521
11582
11782
12006
11891
12070
11615
11995
12543
12363
11771
12192
11935
11417
11612
12481
11667
11721
11552
11922
12028
11630
11829
12424
12299
12353
11951
11994
11641
12264
12583
11720
11544
11788
12277
11613
11802
11658
12002
12353
12049
11658
12375
12290
12038
12223
11595
12101
11805
12158
12123
11687
12441
12226
11530
11609
11820
12335
12443
11931
11874
11702
12300
11671
12175
12009
11830
12594
12422
12336
12290
11615
11452
11754
11582
12533
12588
12455
12560
12545
11723
11942
11659
11887
12543
12347
11984
12389
11868
11588
12198
11680
12479
11707
12013
12260
12447
12446
11471
12382
11744
12542
12248
11836
11753
11749
12088
11823
12425
12251
11590
11839
12246
12362
12375
12224
12278
11585
11903
11781
11777
12550
11448
12370
11894
12416
12129
12326
11838
12515
12472
11752
11662
11821
11467
11728
12465
12529
11659
11482
11989
12386
12419
12135
12340
12066
11832
11685
11622
12203
11761
12496
12341
12350
12232
12472
12561
12570
12513
12165
11845
12320
12010
12328
12170
12021
12596
12004
11514
11799
11810
11469
11752
12435
11871
12144
12430
11782
12261
12595
12151
11666
11483
12510
11758
11572
12495
12506
11414
11652
12484
12505
12012
11821
11741
11975
12090
12125
12011
11967
11982
12383
11987
12593
11850
11879
11668
11474
12284
11629
12535
11860
11505
12511
12392
11624
12550
12416
12260
12001
12159
11909
11923
11467
11500
12225
12456
12540
11848
11855
12007
11449
11491
12160
11782
11436
11619
11670
11879
11925
12119
11409
12501
12031
12524
12007
12125
12101
11683
11769
11888
12164
12163
11524
11734
11570
11851
12197
12324
12111
12267
11665
11840
12379
12355
11828
11861
11432
11627
11560
11939
11666
12037
12248
12248
11804
12448
11765
12021
11933
12575
11641
11514
11547
11962
12554
12276
12454
11458
11921
11784
12488
12266
11916
12256
11580
11429
11937
11829
11789
11643
12404
12301
11984
12320
12187
11736
11652
11782
11728
11766
11672
11793
11958
11979
11583
12587
11423
11797
11696
12394
11901
12253
11520
11903
11672
11420
12132
11553
11424
11633
11457
11465
11732
11680
12567
11566
11890
12268
12526
11428
12479
12344
12303
12449
12233
11403
11510
12240
12027
11410
11927
12282
12593
11787
12063
12561
11565
12399
11451
12318
11481
12558
11903
11758
12238
12578
12064
12057
11972
11421
11522
11956
11467
12260
12298
11543
11834
11841
11419
11552
12262
11411
11411
11593
12005
12281
11451
11960
12498
12271
11642
12294
11684
12535
12300
11555
12555
12523
12050
12088
12539
11810
12217
11932
11948
11410
12495
11419
11648
11989
11971
11651
11495
11823
11437
12449
11600
11807
11934
12284
11777
11812
11641
11504
12296
11762
11937
11951
12051
11732
11765
12338
12445
12228
12394
11526
12378
11545
12328
12005
12149
12257
11912
12401
12599
12127
11692
12153
11595
11542
12367
12149
11776
12455
11742
12548
11503
11415
12247
11673
11565
12549
11537
12369
12531
12170
12253
11768
11852
12578
11756
12381
12095
12186
12129
12131
12078
12459
11752
11689
12158
12438
12454
11772
12008
11856
11571
11547
11503
11711
12374
11419
12307
11605
12399
12188
11461
11645
11835
11692
12332
11476
12467
11803
11767
12299
12054
11967
11412
12314
11529
12393
12577
12454
12012
12231
11889
11926
11647
11899
11489
12274
12036
12012
11787
12557
12503
11691
12282
11829
12027
11561
12352
11496
12246
12183
12597
12154
12432
11502
12545
11476
12024
12081
11995
11823
11432
12143
12402
12369
12282
12189
11437
12599
11435
12179
11854
12052
11999
12150
11532
11545
11893
11671
11649
12390
11804
12377
11905
11919
12550
11928
12428
12322
12268
11785
12374
12584
12051
12284
12037
11515
12189
12281
12474
11959
12450
12346
11860
11827
12033
12421
12161
11618
12546
12350
12263
12261
11646
12058
12594
12371
12545
11702
12446
11420
11454
12153
11560
12586
11619
12535
12416
12313
11535
12392
11618
12265
12370
12136
11525
12146
12244
11712
12082
11815
11705
11926
11801
12173
11506
12080
11793
12590
12391
11614
12223
12457
11700
12249
12522
11485
12162
11702
11468
12374
11752
12448
11835
12438
12562
12037
11672
11992
11600
12543
12119
11681
12370
11991
11745
12184
12114
12085
11479
11799
12082
12586
12119
11650
11593
11585
11716
12408
12488
12499
11825
11896
11569
11531
11614
12102
12570
11737
12198
12477
11998
12251
12488
11463
11653
12505
11541
12267
11862
12255
12281
11495
11818
11872
12494
11870
11538
12521
11645
11523
12443
11765
12518
11735
11537
12399
11699
12592
11954
12524
11431
11866
11429
12122
12156
12018
11675
11892
12110
11761
12532
11928
11922
11749
12277
12026
11948
11478
12377
12138
12175
12344
11525
11539
12021
11740
11440
12166
11681
12348
12147
11751
12307
11751
12110
11957
12077
12409
11803
12576
12340
12223
12374
12454
11769
12506
11485
12399
11848
12530
11973
11658
12016
11884
12573
12231
12404
11583
11591
11622
12210
11987
12564
11968
12594
11979
11423
11909
11857
11941
11885
11477
12223
12272
11828
12035
11749
11917
12009
11543
12267
11465
12590
12291
11769
11738
11804
11976
12412
11591
12093
12009
12220
11997
12462
12528
11900
11759
11442
11840
11889
12094
12442
11820
12486
11546
11764
12086
11471
12343
12466
12474
12445
12388
11949
11627
12354
11704
12281
12446
12357
12285
11914
12150
11432
12273
11943
11712
12232
11883
11439
11968
11589
12283
11609
11787
12195
11445
12112
12439
12335
12048
11679
11407
11430
11754
11801
12140
12243
11918
12012
12577
11623
12072
12583
11685
12286
12120
12057
11702
11439
12406
11676
12124
12452
12437
12435
11899
11516
12090
11567
11806
11821
12575
11720
11792
11965
11747
11658
11484
12531
11829
11982
11705
12362
11489
11723
12270
11542
12282
12396
11580
12169
12472
12115
11851
12136
12355
12174
11877
12554
12129
11482
11651
11969
11837
12101
11476
11804
12073
11561
12197
11595
12325
12085
12062
11829
12560
11918
11673
12279
11709
11462
12024
12174
11882
11675
11415
11943
12446
12532
11568
11684
12161
12072
11486
12466
11489
12351
12404
11833
11794
12076
11998
12004
12133
11868
12584
11617
11964
12216
11614
12266
11996
11473
12548
11510
12196
11741
11991
11466
11789
11820
11955
11748
12051
11681
12471
12025
12228
12573
11654
12109
11830
11438
12191
11939
12253
11448
11967
11654
12477
12290
12597
12456
12573
11989
11862
12536
12029
12288
12339
12185
11641
11967
12120
12160
12047
11581
11782
11806
12589
11784
11603
11760
12462
11732
12592
11843
12263
11523
11611
12140
12092
12243
12070
11719
11449
12312
11576
12445
11486
12156
12403
11564
12298
11508
12278
12338
12123
12005
12211
11993
11717
12343
11427
12314
11490
11416
11801
11739
12344
12436
12212
12074
12033
12340
11801
12383
12135
12228
12033
11837
12334
12377
11471
11722
12263
11859
11940
11968
12082
12048
12566
11890
12227
11458
12271
11506
11705
11601
11634
11970
12555
11507
12099
11930
11875
11803
12439
12394
12288
12464
11673
12048
11558
12480
11487
11964
12313
11413
11852
11570
12378
12166
12104
12416
12449
12177
11437
12337
11659
11432
11955
11905
11526
12537
11566
11714
11755
11490
11846
11582
11835
12293
11736
11646
12238
12056
11803
11914
11799
11441
12325
11474
11724
12144
12463
11949
11876
12397
12534
12447
12226
12243
12244
11792
12561
11869
11775
12539
12096
11681
11471
11668
12513
11466
11830
11406
12109
11690
11659
11884
12346
11759
12503
12006
11791
12293
12596
11583
12550
12157
11635
11412
12067
11469
11965
12103
12373
11591
11516
11549
12315
11518
11643
12388
11497
11511
11691
12474
11963
12125
12407
11770
12121
11927
11658
11736
11675
11421
12176
11999
12319
12441
12411
12312
11609
12235
11863
12430
11514
12336
12383
12432
12388
12339
12305
11670
11740
11668
12191
11928
11585
12137
12520
12524
12397
12354
12503
12094
11962
12465
12154
11700
12502
12314
11829
12594
12026
11463
11928
11948
11879
12351
12399
11403
11842
11480
11816
12290
12098
11658
11930
11553
12151
11862
11844
11449
12285
12455
11972
12289
11858
12152
11529
11640
12260
12246
12427
11644
11822
12136
11673
12554
11733
11756
11651
11591
12334
12531
12122
12079
12402
11776
12580
11469
11988
12429
11685
11802
11410
12127
12474
12360
11499
12442
12055
11793
12465
11528
11972
11884
11726
12598
11523
12401
11787
11888
12197
12252
12575
11950
12478
12055
11893
12430
11606
12531
12289
12165
12321
11527
11764
11840
12113
11789
12510
11488
11963
11720
12388
12421
11864
11403
11554
11722
11516
12454
11986
11425
12524
11618
12302
11520
11659
11888
12082
11741
11574
11900
11766
12422
12354
11752
12250
11716
11426
12086
12002
11937
11501
12501
12549
11767
11502
12065
11681
12043
12510
11508
11489
11658
11984
11521
11906
11986
12587
11571
11490
12372
12318
12273
12553
11481
11662
11796
12013
12451
11715
11804
11985
12533
12564
12304
12237
12053
11984
12133
11572
11921
11744
12370
11457
11488
11529
12497
12340
12123
11701
12343
12476
11931
12500
11448
11813
11653
12511
11493
11732
12451
12014
11799
11616
11812
12234
11649
12452
11912
11941
11809
12450
12180
12169
12535
12362
11965
12511
12217
11611
12163
11521
11606
11545
11643
11650
12393
12064
11442
12444
11633
12136
11902
12025
12559
12553
11607
12006
11743
12129
11751
12070
12395
12228
12141
11459
12220
12515
11944
11978
11858
11984
11938
11783
12438
11537
11835
11630
11982
12515
12280
12221
12225
12352
12204
12046
11612
12404
12245
11425
11444
11549
11994
11529
12332
11409
12116
11429
11961
12133
12330
12546
12132
11483
12273
11839
11680
11835
12387
11570
11789
11829
12160
12121
12397
12389
12563
11844
12021
12105
11815
12513
12134
11599
12537
11815
12364
12258
12111
12583
12246
11943
11737
12431
12455
11651
11751
11490
11852
11695
11820
11461
12560
12367
12273
12234
12333
12591
12301
11778
11587
11679
11700
12015
12109
11472
12461
12152
11570
11423
11464
11537
11850
11810
12591
12378
12243
12561
11421
11718
12098
12183
11533
11695
11709
12072
11668
11703
12264
12245
12049
12050
12446
12542
12244
11555
11459
12168
11885
11701
12168
11647
11606
12187
11535
12109
12164
12233
11551
12540
12025
11924
12346
12200
11838
12231
11821
12217
12224
11784
11815
12544
12552
11419
11470
11967
11919
12374
11887
12430
12145
12516
11844
11899
12562
11485
11915
11521
11902
12341
12004
11773
12533
12052
12011
11629
12424
11959
11783
11865
11645
12150
12226
11591
11897
11813
12171
12586
11662
12190
12184
11706
12018
11422
11519
12266
12018
12191
12359
12566
11703
11879
11898
11467
12345
12303
12030
11420
11425
11734
12421
12033
12035
12087
12193
11427
12348
12424
11692
12518
12200
11844
11831
12086
11495
12108
11553
12197
11792
12521
11819
11907
11671
11622
11561
12191
11852
11851
11723
11565
12356
11980
12061
12265
12523
11700
12028
11835
11753
12012
11882
12476
11557
11889
12292
12199
11976
11461
11842
12531
11460
11700
12238
12080
12020
11545
12329
11568
12341
12162
11834
11833
12470
11682
11800
11560
11564
11541
11899
11736
11865
12233
11629
11427
12254
12028
12119
12584
12110
11568
11817
11997
12325
11606
12010
12263
12248
12490
11569
11944
12399
11643
11955
11864
11537
12158
11806
11511
12014
12147
12293
12129
11587
12280
11485
11764
11434
11676
12215
11518
11584
12247
11648
11547
12155
11432
11781
12237
12427
12096
12459
12524
11599
11453
11901
11441
12204
11529
11415
11965
11450
11732
12083
12319
11696
11839
12178
11638
11841
11803
11406
12420
11670
12049
11405
12324
12478
12387
11784
12029
11539
12098
12173
12438
11615
12002
11441
11885
12063
12011
12266
12227
12583
11730
11565
11482
11782
11831
12035
11890
12412
12256
11602
11648
11913
12326
11897
12064
12215
11693
12107
11437
11818
12138
12224
11470
11783
11745
12328
12259
11683
11421
11937
12160
11549
11523
12283
11705
11647
11913
11786
11984
11409
12034
11900
12170
12239
12157
12268
11656
12285
12192
12422
12533
11735
11983
11627
11899
12061
11890
11735
11500
12479
11573
11506
12285
11845
11409
12036
12181
11939
11499
11501
12407
11595
11419
12084
12027
11955
11760
11933
12452
12200
12003
11888
11998
12275
12169
11704
11590
11643
12157
12057
11919
12475
11549
11590
11746
12598
11667
12546
11509
11480
11879
12181
11807
11919
12338
11425
11899
11770
12214
11510
11755
11632
12365
12018
11920
12037
12064
12109
12103
11544
12250
11941
12101
11744
12027
12341
11910
11896
11824
11883
12498
12440
12531
11770
12354
12135
11903
11645
11409
12414
12232
11517
12230
11518
11832
11413
11490
11861
11532
12035
12517
11645
12321
12018
11605
12133
12521
12246
11570
11588
12594
12408
11827
11835
11577
12275
11605
12250
11642
11454
11718
11590
12124
12379
11565
11754
12171
12222
12444
11867
12309
11410
12472
12352
11674
11577
11897
12370
11741
12467
11741
12017
12368
12465
12321
12055
12527
11914
12483
12337
12332
11549
12562
12282
12235
12392
12535
11930
11534
12120
12328
12288
11924
11634
11433
12203
11725
11522
12182
11760
11665
12130
12064
12023
11922
12286
11508
11638
11631
11765
11826
12162
11963
12578
11419
12051
11741
11515
12476
12168
12121
11498
11787
11531
11439
12539
11552
11830
11474
11781
11542
12118
11900
12300
11634
11806
12480
11590
12323
11999
12368
11885
11834
11655
11744
11444
12108
11800
11419
11918
12149
11547
11780
11899
12448
12084
12319
11732
11940
12488
11570
11497
12433
12140
11622
11545
12140
11727
11650
12082
11847
11899
12250
12330
12596
12104
12131
12205
11851
12082
12539
12167
11770
12076
11943
11956
12573
12116
12557
12086
12366
11433
11443
12072
12014
12298
12071
11937
11861
12209
11920
12186
11927
12241
12053
12323
11528
12091
11997
12499
12081
11623
11510
11471
12578
12593
12090
11453
12234
11666
11647
12313
12422
12545
12174
12088
12022
11977
12119
11483
11766
11805
11794
11846
12524
11641
12489
12098
11597
11466
11860
12591
11973
11665
11605
11806
12038
12196
12518
12062
11744
11526
11615
11493
11523
12569
12524
12018
11569
11872
11870
12161
11815
11625
12529
11694
11437
11595
11630
12349
11900
11901
12594
11961
11503
11992
12159
11548
11406
11613
11569
11439
11655
11961
11651
12210
11677
12376
12339
11822
12502
12424
12196
12249
11423
12112
12323
12314
11971
11408
11820
12381
12556
11898
11549
12345
11897
11666
12443
11648
12592
11731
12004
11895
12294
12050
12549
12151
11581
11798
11645
11875
11645
11784
12433
11500
12599
12567
12497
12209
11941
12431
12299
11498
11574
11787
12159
11462
11945
11529
11859
12324
12167
11566
11768
11727
12294
11449
11996
12142
12523
12396
12017
12411
11968
11448
11581
12433
12374
12088
11684
11868
12268
11425
11604
12044
12321
11960
12111
12522
12151
11700
12142
12030
12425
12230
11651
12320
11998
12327
11680
11805
12382
11825
11414
12412
11604
12192
11809
11938
12405
11866
12466
12371
12080
12364
12541
12026
12086
12135
12133
11851
12524
11676
12292
12359
12351
12596
12527
11407
12087
11427
12120
11405
11727
12237
12310
12383
11603
12137
12083
12341
12235
12421
11877
12078
11480
12234
12511
12029
11853
11730
12008
11730
11648
11432
12541
11670
12416
12063
12018
12215
12184
11509
12574
11941
11685
11608
12360
11948
11685
12378
11501
12371
11505
12401
12196
11972
12109
11731
11987
12270
12525
11984
11602
11527
11946
11888
11952
12197
11989
12495
11798
11551
11418
11573
12057
11919
12473
12315
12068
11883
11810
12459
12325
12596
11439
12183
11718
12159
12518
11661
11567
12403
11966
12538
12426
12593
12482
11676
11560
11738
11557
11580
11954
12078
11461
11468
11921
11873
12098
12557
11458
11619
12545
12501
11589
12016
12156
11839
12325
12325
12332
12578
11421
11716
11562
12087
12008
12538
11730
12405
11690
11599
12169
11407
11453
11613
11456
11985
11983
12148
11993
11799
11562
12206
11466
11535
11619
11471
11664
11599
12008
11647
11414
11914
12212
11707
12422
12527
12292
12520
11999
12098
11871
11786
12392
11552
12017
11524
11988
12093
12089
11888
12214
11696
12468
12146
11558
11937
11545
12168
12597
12225
12247
12021
11437
11643
12507
11470
12349
11946
12439
12452
11412
12220
12031
11476
12091
11925
11845
12299
12216
11974
11656
12077
12272
11936
12408
12296
11709
12132
12558
11988
12144
11404
11930
12527
11449
11919
11468
11574
12101
12561
12055
12566
11927
12313
11762
11780
11418
12328
11889
11513
11541
12023
11796
12131
12240
11631
11535
11432
11782
11582
11450
12044
11852
12057
11401
12468
12033
12173
11694
12219
11526
11483
11933
12582
12512
12036
11425
12052
12012
11424
12445
11496
12002
12373
12358
12105
12477
12358
12111
11881
12250
12170
11780
12053
12527
12559
11916
12397
11518
12318
11577
12581
11865
12352
12113
12171
12376
11986
11874
11642
11641
11909
12497
11662
11448
12442
11748
11592
12336
11420
12417
12229
11424
12381
12438
12106
11761
12550
11947
12258
12439
12105
12581
11468
11414
11401
11516
11694
12167
12045
11967
11839
11963
12400
11574
11844
12399
12125
12280
12217
11824
11449
12286
11474
11457
12385
11415
11458
11675
11830
11982
12411
12037
11670
11962
12391
11428
11661
11812
12296
11476
12300
12158
12171
11591
11848
12322
12098
12350
12358
12328
12545
12342
11638
12460
12073
11877
12093
12095
12404
11813
11832
12125
11504
12495
11821
12448
11568
11884
11620
11891
11838
11432
12119
11737
12166
11832
11862
11934
12431
11437
11694
11502
11611
11514
12442
12469
11634
12547
11530
11703
12441
12006
12211
12097
11737
11902
11815
12463
12317
12117
12599
11551
11643
11738
12182
12054
12087
11412
11712
11922
12437
11974
12491
12208
12318
12051
12077
11823
12052
11811
12030
12389
12201
11815
11487
12528
12029
11721
12587
11663
12327
12488
12477
12514
12246
11875
12082
11631
11639
12019
11569
11847
11562
11806
11960
12552
12305
11961
12520
11780
12041
11950
11539
11538
12124
11551
12405
11540
11989
11625
11682
12504
12053
11980
12430
11411
12006
11658
11987
12251
11727
12030
12222
12547
11607
11696
12314
11405
12349
12406
12210
11915
11735
11788
11985
11734
11913
11623
11676
11763
12377
11526
11922
12307
12129
12266
12227
12425
12100
12248
12175
12130
11957
12413
12496
11616
12292
11905
11451
12007
11930
11503
12147
12252
12055
11684
11535
11994
11546
11990
11436
11847
11505
12407
12278
11558
12081
12346
11699
11422
11992
11813
12208
11452
11841
12391
12576
11524
12457
12108
12546
12558
11632
12463
11827
12431
11841
11679
12437
12100
11637
11509
11950
12454
12340
11797
11827
11979
12446
12339
12038
12281
12298
11992
12221
12097
12093
12213
11606
12329
12093
11751
11416
12394
12038
12588
12475
12171
11821
11780
11883
11966
11699
12556
11609
11466
12268
12359
11795
12184
11728
12094
11732
11666
11458
12266
12463
11913
12031
11486
11560
11766
12249
11722
11460
12083
11973
11966
11506
11546
11474
12508
12346
12270
11420
12066
12469
12378
12127
11638
11484
11559
11567
12578
11830
12321
12391
11890
12093
11644
11809
12507
11440
11523
11622
12047
11950
12225
11462
11982
11569
11540
11801
11855
11705
12526
11687
12063
11579
11566
11878
11945
11609
12286
12306
11720
12243
11806
12242
11561
11583
12338
12217
12595
11509
11799
11897
11595
12542
12252
12367
11540
11503
11455
12555
11652
11456
11445
12462
11997
12050
12589
12265
12505
12527
12247
11427
11703
11476
12465
12075
11846
11981
12403
12015
11663
12560
12316
11581
11977
11533
11628
12584
12503
12244
11876
11774
12308
11735
12202
12135
12241
11986
11793
12320
12414
11944
11657
12312
12504
11696
12291
11706
11426
12416
12583
11533
12311
11576
12505
12265
11806
12498
11418
12219
12591
12024
12267
12250
12534
11495
12375
11675
11894
11587
12065
11762
11839
12108
12060
11882
11986
12095
12122
11735
12548
11759
11719
11738
12066
11973
12150
12260
12341
12293
12348
12206
12118
12468
11612
11465
12019
11927
11971
12514
11442
11950
11749
11928
11461
11777
12536
12225
11806
11465
11583
12153
11605
12226
12553
11565
12345
12527
11580
12231
12580
11583
11947
11723
11681
11663
11744
11649
11426
11840
11862
12291
12029
12298
12598
11978
11927
12225
11460
12469
11780
11623
11947
11802
11965
12082
12423
12255
11987
11807
12209
12330
11491
11511
11744
12344
12075
12289
11805
11756
12124
11817
11656
12248
11760
12480
11450
11488
12366
12067
11578
12573
11643
12048
12532
11776
12163
12198
11735
11816
12057
11580
11566
11461
11691
12133
11729
11485
12250
12291
12493
11888
12488
12186
11457
11959
11427
12310
12426
12290
12241
12064
12066
11474
11692
11548
11812
12292
11616
12358
12227
11759
12242
11839
11963
12448
11796
12050
12296
12196
12278
11708
12086
11637
11503
11723
11401
11641
11645
12230
11694
12200
11993
12254
12594
11804
12142
12324
11569
11581
11643
11627
11601
12302
12423
11438
12561
12434
12501
12005
12300
12532
12056
12036
11810
12117
11993
12277
12392
11510
12390
12008
11775
12489
11469
11591
11939
12035
12106
11839
12373
12069
11773
12044
12027
11995
11936
11795
12502
12116
11607
12022
12564
11748
12408
11972
12408
11990
11757
11647
12231
11686
11896
12306
11667
11614
11590
12467
11405
12111
12183
12053
11639
11426
12142
12529
11640
12527
12340
12086
11843
12047
11953
11870
12010
11405
12509
11571
11471
11442
12532
11442
11420
11825
12281
11918
12388
11951
11852
11657
11865
11975
12430
11951
12302
12350
12388
11747
11472
11890
11419
11917
12193
12360
12556
11892
11893
12599
11632
12249
11473
12543
12133
11444
12256
11486
11425
12564
11800
12132
11622
12145
11453
12309
11895
12147
12308
12319
11834
12536
12123
12044
11582
11890
12375
11946
11839
12448
11565
12362
12568
11519
12469
11782
12313
12287
12540
12166
11833
11690
11721
12036
12077
12595
12306
11663
11849
12220
12256
11533
12166
11755
11457
11621
11461
12301
11660
12316
12163
12538
11978
11597
11934
12588
12099
11870
12199
12315
11766
11665
12232
12074
12478
12137
11400
12248
11793
12558
12557
12271
12458
12082
11617
12465
11706
12020
11912
12404
11802
11797
12336
11643
11716
11578
11706
11624
12515
11873
12360
12478
12136
12119
12008
12588
11982
12121
11616
12023
12112
11786
12170
12566
11642
11668
12258
11476
12462
12146
11581
12353
12504
11438
11597
12122
11795
11911
12115
11787
11421
11637
12404
12178
11640
12064
11566
11894
11731
12365
11756
12584
12265
12506
12265
11400
12584
12189
11602
11611
11957
12007
11807
11627
11886
12143
11635
12112
12431
12477
11649
11406
11401
12435
12546
11759
12176
11411
11508
11490
12564
11997
11925
12307
12483
11415
12577
12494
11580
12355
12568
11934
11783
11611
11716
11803
11748
12000
12441
12260
11473
12323
12589
11832
11423
11987
11578
12139
11703
11737
11890
11463
11977
12401
12003
11713
11830
12314
12299
11598
12303
12398
12317
11990
12268
11974
12292
11848
12306
12184
11848
12126
11967
12435
11407
12177
12471
12205
12230
12320
11445
11658
11759
11598
12442
11408
12477
12266
11433
11705
12478
12290
12311
12040
12217
11802
11469
12543
11848
11626
12560
12257
12263
11846
12290
11668
12526
11986
12010
11449
11739
11413
12562
12558
12020
11837
11615
11875
11772
11476
11990
11629
11955
12210
12477
11784
11475
12435
12176
11840
11848
11529
11590
11633
12367
12037
12323
11645
11603
11794
12286
11534
11652
11875
11541
12125
12201
11455
12304
12178
11591
12233
11460
11725
11426
11925
12090
11989
12307
11735
12047
11519
12283
12014
12428
11713
11448
12226
12440
12327
11509
11466
11565
12565
12087
11473
12376
11550
11653
12553
12229
12309
11943
12000
12171
11811
11778
12163
11988
11768
12002
12560
12368
11573
11866
11760
11818
12185
11801
11685
12219
11546
11613
12496
11789
12294
12204
12519
11619
12027
11488
11861
11495
11652
12243
11490
12147
12165
12524
11684
11525
11753
11592
11510
11597
11897
11805
11912
11656
11856
11530
11831
11634
12301
11571
11838
11656
11465
12236
12269
12124
11786
12372
11802
11852
11671
11780
11525
12580
12508
11799
11537
12067
12528
11612
12031
12284
12293
11658
11740
11887
11888
11477
12159
12359
12330
12430
11676
12340
12438
12191
12060
12076
11460
12294
11728
11437
11653
12385
11939
11927
11728
11996
11904
12568
12596
12375
11413
12583
12191
11548
12246
12533
12559
12527
12373
12401
12407
12295
11952
12235
12260
11852
11771
11995
12320
11473
11888
12067
11575
12163
12212
12274
11849
11730
12028
11595
11983
12033
12127
12245
12400
11785
12190
11572
12438
11571
12193
12296
12573
11861
12308
12116
11900
12539
12227
11697
11672
11978
11489
11572
12293
11858
12399
11678
11566
12210
12042
12595
11767
12577
12054
12254
11792
11402
12426
12594
12445
12374
11548
11683
11844
12481
12175
12470
11447
12118
11498
11767
11794
12572
11467
11738
12391
11989
11468
11460
11512
11700
11412
11434
11877
12175
12417
11690
11447
12390
11940
11705
11884
11843
12414
12364
12100
12098
11882
12475
11770
11923
12298
12451
11464
12477
11623
11660
12164
12117
12467
11770
12319
12255
11697
11527
12465
12100
11688
11969
11613
12598
11444
12559
11850
11456
11805
12010
11428
11713
11820
11482
12032
11866
12187
11631
11664
12501
12380
11985
12502
11673
11453
11594
12027
11788
11754
12402
12066
12568
12147
11771
12537
11633
11712
12062
11920
12101
11555
12485
11886
12517
12541
11963
12448
11732
12067
11553
12546
11613
12194
11507
11475
12266
12529
11882
11908
12002
11894
12371
12306
12098
11755
11744
12244
11424
12578
11901
11431
12140
12503
11525
11928
11559
11989
11670
12449
11912
12588
12563
11400
11741
11714
12505
11444
12511
11975
11684
12306
11658
12397
12594
12359
12123
11815
12296
11622
12058
12273
12276
11796
12106
11905
11795
12587
12543
12141
11939
11788
11839
12477
12172
12152
11596
12482
12171
11585
11729
12184
11647
12268
11739
12599
11815
11722
11642
11712
12107
11831
12248
12054
12171
11890
12409
11658
11925
12127
12068
12364
12155
12105
12289
11407
12355
11996
11923
12141
11649
12034
11784
12426
11986
12411
12222
12269
12458
11411
12200
11404
12385
11903
12562
12408
12122
11640
12401
11737
11412
11947
11919
12091
12148
11760
11605
12025
11890
11530
12281
12088
11795
12238
12011
12184
11847
12055
12171
11702
12500
11561
11517
12165
12339
11701
11823
12415
12009
11853
11402
12231
12185
11689
12407
11744
11735
11464
11412
11827
11984
12555
11495
11485
12249
12238
12355
11415
12341
12456
12409
11819
12027
12262
12448
11779
11943
11731
12551
12051
11696
11898
12379
12138
12506
12191
12101
11813
12381
12251
12469
12486
11477
12342
11541
11955
11435
11658
11799
11761
12580
12374
12384
11938
12313
12256
11993
12573
11671
12031
11652
11453
12599
12023
11900
12236
11600
12166
11792
11746
11564
11503
12081
12552
12009
12133
11722
11682
12289
11642
11504
11469
12540
12136
11465
12005
12212
12272
11826
12555
12025
11810
11756
12388
12246
11868
12214
12213
12596
11526
12465
11885
12381
11629
11856
11988
12116
12238
11998
12515
12099
11622
12133
11668
12229
12343
11516
12028
11861
11790
11824
12341
12247
11747
11719
12081
12582
11489
12305
11403
11549
12390
11791
12368
11545
12317
12345
11967
11470
12138
11786
12125
12202
12182
12095
12028
12055
12396
11920
12541
12213
12546
12478
11827
11703
12524
11886
11786
11565
11997
11668
12216
12018
12544
11604
12563
11479
11815
11572
11843
11807
12417
11526
12217
11980
11457
12069
12336
12458
11500
11422
11474
11435
11428
12114
11758
12099
12227
11592
11721
11940
11689
12536
11443
11693
12346
11621
11628
12094
12018
11402
11543
12496
11627
12217
11885
12003
11872
11776
12485
11511
12466
11454
12354
11742
11643
11700
12350
11666
11809
11934
11798
12100
11582
12116
12085
11893
12253
12124
12021
11448
11911
12275
11843
12103
11823
11916
12323
12085
12203
11912
12117
12484
12469
11607
11766
12104
12384
11981
12265
12172
12030
12360
12087
11715
12545
12193
11621
11842
12065
11649
11558
11548
12366
12470
11696
12093
12103
12567
12483
11660
11914
11844
11815
12314
11724
11761
11525
12400
11867
12372
11849
11817
11618
12413
12358
12379
12269
12486
12075
11724
12046
11787
11717
12082
12271
12540
12101
11835
12025
11873
11747
11806
11988
11917
11443
11938
12384
12357
12039
12494
11860
12531
11653
12065
12437
12390
12171
11427
11897
11660
11984
12491
11899
12291
11740
11890
12306
11613
11498
12023
11790
12162
12525
12021
11795
12346
12178
11954
11801
11723
12213
11498
12146
11887
11878
12012
11918
11482
11884
11714
12156
12219
11658
11527
12530
12001
12226
12292
12366
11824
11944
12555
11502
11619
12488
11784
12221
11556
11435
12068
12399
11610
12213
12108
11535
12515
12562
12354
12102
12034
12115
12210
12063
12474
11892
11784
11881
12348
11440
11824
12301
11581
12102
11693
12096
12220
11501
11855
11979
12178
11814
12207
12073
12299
12466
11468
12385
11924
12564
11787
11429
12518
11511
11402
12522
11442
12387
11542
11497
12188
11772
12238
11813
11933
11948
11431
11550
11796
12259
11409
12229
11917
12524
12506
12321
11589
11425
12338
12209
11469
11681
11439
12307
12429
12113
11554
12085
12250
12593
12249
11994
11402
11808
12134
12127
11672
12307
12496
12542
11972
12450
12008
12419
12221
11683
12127
11773
11905
12044
11558
11975
11444
11491
11734
12152
12383
12424
11586
11463
11531
11701
12153
11955
11726
12596
12128
11651
11861
11810
11680
11753
11427
11491
11691
11852
12009
12326
12469
11734
12263
11530
12321
11867
11649
12017
11465
11611
11525
12308
12162
12250
12524
11415
12399
12270
11855
12111
11621
11880
12237
11969
11807
12135
12266
12092
12082
11449
12106
11594
11924
11844
11870
11859
11433
11556
12493
12291
12222
11605
11687
12157
11898
11828
12246
11520
12497
12529
11974
12089
11659
11864
11479
12472
11669
12208
11617
11863
12022
11618
12183
12377
12420
12478
12254
11664
12247
11403
12224
11826
11663
12591
12492
11692
12354
12430
11649
12375
11625
11493
12091
11562
12171
12537
11740
12288
11754
11963
11967
11436
12461
11519
11513
12506
11485
12350
11904
12040
12372
12553
12465
11445
11906
12526
12557
11896
11746
12080
12196
0