5741
6167
6034
5800
6269
5824
5778
6258
6262
6164
6005
6245
6181
5727
6061
6191
6295
6242
5727
5736
6291
5904
6002
5853
5992
6082
5721
5816
6218
5795
5747
5826
6071
5838
5769
5812
6167
6199
5935
5994
6203
6111
5822
6033
5973
6164
5841
6211
5753
5968
6047
5744
5962
6057
5937
5959
6023
5841
6229
5878
6016
5735
6290
5742
5988
5806
5740
6242
5764
6148
6146
6105
5990
5829
6070
6050
5706
6201
6093
6248
6129
5723
5784
5854
5856
6140
5866
5876
5831
6208
5844
5739
5726
6223
5837
6238
6218
5982
5829
6041
5733
6215
6139
5958
6204
6030
5877
6206
6173
5886
5921
6245
6224
6172
5970
6129
6077
6273
5997
6012
6286
5790
5861
5736
5855
5867
5955
6274
6131
5752
6050
6250
5841
5824
5866
6130
6207
5891
5707
6237
6157
5987
5853
5883
6245
6209
6109
5858
5921
6288
6122
6046
6206
6130
5913
6068
6000
5891
5862
6155
5710
6059
5724
5837
6248
6183
6295
6141
5702
6050
5791
5936
6074
5920
6096
5721
6048
6099
6168
6184
6181
6234
5753
5899
5718
6038
6000
5888
5827
6167
5828
6193
5748
5983
6107
5721
6210
5717
5713
6214
6209
6116
6035
5751
5900
6149
6019
6056
6298
6003
5924
5908
6144
5909
6289
6002
5895
5785
5793
6243
6223
6087
6214
6203
5948
5700
5958
5718
5880
6296
6098
5981
6089
6098
6109
5857
5772
5922
6238
5992
5738
5879
5890
5957
5858
5891
5715
5788
6256
5811
5702
5934
5972
5955
6228
6146
6262
5786
5975
5933
6169
6042
6144
5916
5981
5898
5822
5751
6121
5999
6257
5976
5992
6089
5975
6212
5900
5810
5703
6169
6161
5988
5901
5889
5955
5923
5902
6085
5882
5785
5788
5926
6117
6057
5932
6032
6269
6054
6221
6089
5876
5829
6268
6192
6125
6055
6134
6049
5941
6212
5845
5760
5818
5853
6239
6123
5779
5896
6187
6229
6049
5737
5766
6049
5893
6095
5997
5716
5786
6205
6188
5782
6155
6234
5814
6001
5816
5971
6086
5963
5813
6055
6285
5953
6012
5708
5732
6245
5813
5856
5821
6058
5946
6082
6181
6244
6096
6122
6229
6061
5835
5750
6073
5966
5744
5759
6192
5739
6153
5924
6054
5810
6245
5949
6286
6213
5974
6122
6068
5918
5887
6005
6258
5891
5702
5725
5777
5914
6014
5724
6234
5774
6072
6059
6133
6170
5987
5797
6018
6077
6073
6170
6263
5968
6092
5885
5802
5780
6113
6127
5702
6199
6227
5925
6043
5824
5923
6272
6161
6081
6103
6132
5805
6293
6225
6131
5792
5842
6122
5786
6164
5800
6287
6260
5913
6074
6170
6070
5935
5933
6211
6260
5996
6167
5785
6250
5840
6194
5995
5724
6119
6025
5876
5794
6158
6202
6271
5966
6178
6093
6151
5984
6118
5964
5819
6052
6100
5787
6160
5826
5710
6257
6070
6215
6276
5927
5743
6258
6264
6009
5782
5986
5865
6187
5877
5774
5925
6127
5929
5828
5923
6020
6002
6262
5823
6296
5837
5761
6295
5825
5764
6160
5902
6016
5930
6226
5911
5871
6111
6047
5853
6220
6090
6224
5888
5863
5840
6151
5762
5729
6000
6013
6058
5878
6265
6107
5777
5700
5958
6139
6203
5860
5857
6224
6177
6008
5813
6187
5701
5750
5760
5928
6093
6084
5905
6240
6211
6204
5935
6256
5772
6250
5923
5785
5856
6116
6126
6057
5826
5857
6237
6171
6169
6261
5996
6122
5917
6212
5817
5796
5885
5741
6123
5829
5929
6065
6259
6232
5796
6155
5753
5862
6284
6034
5754
5872
6157
6269
6032
6263
5907
5783
6011
5935
6167
5748
6175
6038
6123
6242
6054
6211
6241
6075
6159
6125
5921
6170
6126
5834
5905
6283
6150
6298
5779
6201
5893
5834
6137
5834
5856
5893
6276
6205
6062
6048
5981
6000
5713
6141
5755
5955
6242
5762
5711
5977
5724
5978
6252
6143
5796
5773
6140
6013
5975
5972
5918
5710
6117
6232
6212
5795
6269
6131
5940
5788
6185
6190
5997
5889
5890
5845
5853
5814
5751
6040
6144
6158
6035
6059
6092
6105
5764
5881
6003
5929
6075
5908
6192
6297
5849
5856
6061
6127
6167
5841
6029
5740
5913
6074
5901
5777
6115
5983
6113
6292
5724
5901
6292
5859
5970
5728
6127
6184
6175
5886
6198
6070
5987
6147
5904
6203
5921
6163
6006
6263
5710
6271
6189
5940
5864
6042
6119
6213
6091
5804
5718
5932
5850
5705
5875
6039
6003
5722
5798
6147
6084
6148
6271
6164
5813
5975
6245
6212
5846
5778
6269
5962
5819
5885
5789
6044
6165
6240
6145
6008
5818
5970
5701
5823
5832
6172
5852
6187
6070
6063
6201
6003
5723
6227
5900
6269
5915
5865
5728
6243
5847
5988
6243
5737
5909
5763
5949
6181
6088
6242
5708
5960
5921
6258
6254
6188
6046
5790
5849
5943
6130
6120
5848
5767
6036
6083
5735
6126
5885
6138
5953
6129
6124
5848
5823
6059
6157
5866
5844
6255
6218
6026
5911
5725
6255
6101
6049
6196
6284
6215
6264
6242
5975
6213
6242
6296
6048
6172
5726
5906
6073
6129
5704
5805
5926
6112
5875
5793
6065
6136
6036
6041
5914
6294
6156
5752
6236
5938
5782
5855
5715
6231
5930
6141
5925
5911
5937
6286
6190
6150
5962
5734
5793
5853
6116
5952
5908
5762
5733
5754
5803
6134
6203
6156
5848
6024
6017
5713
5809
5728
6100
5780
6018
5758
5750
5855
5861
5964
6203
5776
5943
6209
6202
6261
5989
6048
5782
6153
5774
6120
5702
6023
5931
5869
5978
6159
6108
6119
6271
5703
6045
5881
5804
6092
5985
5813
5798
5889
5822
6238
6137
6110
5961
5934
6208
6061
6059
6193
6015
5769
6037
5769
5758
6000
5871
6164
5817
5715
6255
5715
6030
5739
5912
6188
6182
5854
6185
6010
6184
5874
6280
6115
5851
6241
5815
6179
6010
5798
5973
5888
6277
5832
6256
6189
6013
6108
6041
5890
6223
6063
5728
6284
5878
5700
5971
5785
6074
6171
6233
5767
6053
6195
6068
6125
5776
5729
6150
5898
6009
6193
6186
5780
6216
5949
5967
6028
5979
5764
5721
5705
6126
5916
6016
5826
6166
5987
5781
5864
5840
5986
5721
5962
6021
5764
6209
5715
6202
6173
6024
6241
6045
6262
5923
6231
5706
5968
6018
5902
5807
6007
5781
6112
5836
5930
5814
6109
6184
5856
5990
5993
6296
6052
6154
5845
6008
5948
5991
6212
6031
5814
5939
5858
5822
6004
6095
6152
5769
5979
5938
5723
6018
5766
5959
5798
5986
5896
5962
5933
5858
5722
6246
6092
6137
6025
6147
5758
5702
5907
6198
5930
6192
5900
5778
6099
6052
5748
5782
6240
5815
6075
6062
6267
5836
6097
5918
5797
5728
5751
6116
5930
5949
5825
5758
5929
6220
5840
5860
5847
6262
6155
5975
5892
5861
6254
5898
6046
6014
6246
5888
6069
5938
5763
5775
6215
5821
6175
5715
5828
5734
6270
6005
6164
6057
5862
6061
6224
6249
5769
6030
5823
5850
6233
5825
5810
6237
5836
6037
5778
6093
6136
5814
6264
6091
5849
6235
5805
5837
6104
5837
5923
6164
6070
6108
6268
5781
6185
5852
6073
6152
6094
5976
6126
5896
6072
5949
5940
6074
5919
6043
5911
5841
6189
5719
5865
5905
6085
5716
5950
6115
5909
5964
5866
5793
6174
6009
6000
6195
6273
6289
6261
6272
6268
6058
5931
6168
5926
6010
5922
5874
6079
6010
5852
6282
5891
6195
6064
5974
5864
6202
5755
5960
6174
6072
6121
6022
6047
6277
5889
6105
5895
6294
5850
5843
5854
5781
6112
5972
5739
5928
6212
5862
6267
6108
5915
5808
6123
6059
5734
6104
5786
5819
6058
6245
6106
6066
5800
6267
5992
5887
6032
6256
6074
6147
5921
5983
6122
6231
6276
6083
6248
5823
6282
6118
6076
5920
6211
6082
6156
5990
6225
5824
6186
6177
6069
5943
6034
5777
6168
6168
6091
6096
6283
5728
6227
5726
5971
6197
5912
5803
5927
5708
5845
6208
6285
5938
5937
5743
6013
6001
6150
6228
6011
5950
6249
6092
5954
5969
5781
6165
6167
6013
6293
5734
5972
6272
5730
6001
5942
6077
5777
6270
5802
6264
5881
6090
6123
6137
5923
6079
6095
6069
6227
5742
5810
6282
5958
5826
6187
6170
5828
5951
6158
5713
5960
6283
5986
6042
5910
5972
6228
6134
6141
6018
6203
6167
5965
5838
5781
5957
6250
6114
6298
5958
5961
5963
6056
6107
6178
5989
5935
6065
5975
6086
5886
5733
6260
5830
5948
6228
5792
6133
6140
5866
6235
5710
5899
6137
5992
5882
5828
6252
6269
5744
5894
5708
5952
5947
5732
6235
5708
5964
6197
6143
5749
6115
6141
5889
6200
5712
5748
6223
5751
6174
6133
6191
5900
5754
6090
6197
5819
6080
6078
6031
5844
6040
5987
5999
6025
5783
5838
5992
5893
5752
6111
6060
5934
5740
5997
6085
6229
6040
5905
6291
5892
5710
6049
6278
6279
6071
5977
5773
6093
6120
6197
5726
5776
6290
6282
6078
6059
5718
5789
5859
6149
6024
5772
5880
5708
6067
5708
6177
6203
6070
5907
6096
5774
6222
5711
6119
6261
5956
5990
6263
6183
6216
5832
5952
6041
5854
5913
6162
5896
6160
5915
5804
5899
6036
6180
5898
5732
6287
5884
5740
6217
5906
5970
5941
5982
5749
6223
6258
5805
5921
5995
5796
6016
5778
6278
6079
6158
6277
5850
5907
6029
5781
6295
5978
5776
5853
6199
6084
6265
5793
6108
5872
6143
6229
6014
6268
5955
6091
6273
6222
5848
5951
5886
6044
5946
6077
5817
5929
6216
6174
5891
6169
5812
6046
5793
5791
5915
6249
6157
5940
5952
5936
5851
6187
5726
6262
5855
6083
6294
5880
6197
5765
5765
5813
5961
6278
5778
5778
6040
6111
5847
5745
5870
6275
5989
5850
5849
6033
5765
5714
6182
5707
6132
6196
5867
6022
5782
5710
5941
5731
6087
5805
6179
6021
6238
5851
5947
5908
5746
5776
6259
5889
6122
5766
5786
6155
5928
5914
5760
6153
6077
5848
6203
5761
5931
5982
6155
6097
6206
6052
5921
6196
6181
5921
6155
6047
5824
6018
5835
6276
6274
6159
6098
5774
5953
6022
6135
6143
5788
6053
5732
6247
6180
5826
6178
6150
6101
6061
6099
6155
6263
6016
6073
6061
6145
6173
5774
6050
6053
6281
5787
5999
5810
5743
5765
6272
5829
6081
6012
5976
5881
6147
6190
6171
6105
6272
5732
6089
6020
6065
6131
5758
6193
6106
5878
5848
6106
5871
5866
6096
6197
6120
5994
6229
6088
5809
6284
6269
5878
5717
6115
6126
5784
5868
6206
5828
5797
6218
6090
5899
6085
5786
6299
6120
6010
5971
5913
6115
5785
6018
6280
5831
5767
6287
5944
6086
5807
5860
6127
6174
5731
6252
5971
5768
6193
5785
6037
5811
5904
5777
6106
6268
5922
5913
5900
6242
5837
5738
6088
5855
5789
6147
5881
6193
6084
5887
6261
5793
6117
6201
5782
5747
5765
6253
6204
5784
6195
6025
5921
6064
5881
5772
6006
5756
6043
6093
5780
6180
6168
6111
6213
6268
5951
5916
5779
6268
5940
6031
6033
6079
5963
5959
5953
6036
5995
6065
6174
6220
6135
6180
6276
6155
6025
6171
5908
6059
5856
5902
6132
5805
5940
5875
6262
5785
6062
5780
5736
6297
5702
6008
6180
6240
5776
5758
5993
6240
5846
5774
5873
6197
6180
6235
5972
5700
5807
5855
5966
6241
5888
6181
6068
5815
5896
5725
6109
6112
5836
5755
5862
6143
5842
5721
6222
6212
5948
5918
6068
6017
5814
5950
5790
6035
5859
5869
5995
6203
6140
6079
5899
6005
5891
5761
5981
5752
6053
5733
5929
6087
6142
6153
5983
5720
5914
6018
5944
6163
5729
5952
5964
6269
6170
5705
5747
6094
6187
6026
5976
6023
6240
6179
6290
5888
5810
6171
6245
6121
5970
6083
5889
6255
5878
5879
5906
5762
6035
5787
5896
5933
5988
6035
6279
6093
6090
6062
6065
5901
6205
6107
6267
5969
5834
5971
5957
6098
6245
6097
6118
6138
6144
5872
5863
5728
6164
5701
6023
5990
6104
6101
5927
6097
5992
6271
6263
6201
5863
6221
6265
5721
5745
5710
6195
6241
5722
5712
6051
5915
5955
6093
6038
5979
5782
6108
5754
5922
6007
5945
5838
5844
5790
5839
6054
5704
6123
5725
5978
5824
5881
6230
6033
5723
5894
6030
5946
5887
5745
5905
5916
6050
5789
6038
6063
6235
5997
6109
5730
6124
5808
6037
6174
5820
6072
5793
5955
5834
6261
6156
5706
6084
6175
5882
6019
5841
6132
5784
5879
5979
5983
5967
5936
5825
5818
5837
5728
6019
5877
6237
5991
5856
6295
6160
6001
6093
6132
6036
6080
6175
6207
5884
6174
6019
6090
5776
5741
6051
6229
5790
5874
5972
6291
5889
5887
5990
5939
6193
5753
5963
6181
5803
5705
5876
6179
6195
5839
5768
5898
5783
5939
5815
5721
6293
5926
5822
6138
5928
6281
6099
6278
6191
6123
6243
5934
6143
5849
6002
6007
5802
6241
6187
6246
5991
5737
6113
5700
5716
6190
6262
6235
6026
5910
5777
6282
6160
5889
6005
5774
5963
6022
6095
6066
5860
5738
6288
5711
5745
6167
5725
6167
6289
6042
6163
6247
6202
5917
5799
6123
6126
5703
5748
5751
6070
5936
6158
5867
5756
6105
5831
6262
6119
5875
6056
6031
5995
5944
6291
6103
6088
6015
5950
6019
5972
6291
6283
6233
6275
5742
5869
6000
6254
5778
6285
6157
5833
5993
5990
6203
6250
6133
6222
5971
6111
6090
6038
5741
6158
6147
6252
5758
6179
5802
5983
6090
6102
6268
5922
5795
5835
5708
6061
6242
6294
5999
6088
6078
6142
5857
6241
5747
5969
5845
5880
5813
6264
6210
5961
5885
5973
6204
6162
6003
6202
5969
6054
6229
6052
5974
6249
5830
6144
5744
6149
6018
5765
6263
6052
6273
6170
6031
5847
6011
6169
6298
5998
6203
6052
6179
6153
6143
5822
6188
6063
5734
5950
5922
5740
6011
6192
5951
6080
6177
5716
6176
6278
6120
5915
5848
6098
6079
6135
5757
6183
6162
6002
5762
5920
6270
6122
5973
5741
5786
5788
6017
6217
5792
6198
6167
6049
5765
5889
6032
6119
6181
5903
6030
6128
5731
5889
6052
5730
6272
5764
6107
5995
5928
5981
6190
5910
6077
6171
5736
6159
5943
5740
5733
5737
6193
6130
6174
6093
6282
6103
5761
6190
6162
5807
6297
6251
6123
6190
6217
5740
6203
5866
5783
5961
6159
5945
6286
5951
6065
6101
5740
6109
5997
5983
6150
5758
5721
5875
6281
6087
5971
5787
6099
6204
6079
6038
6200
6230
5761
5818
5905
6040
5928
6159
5922
6298
5860
5798
6035
5981
5714
6067
6193
6096
6261
6246
6038
6170
5838
6176
6255
6017
5871
6260
6052
6258
6133
6155
5965
5826
5701
5734
5859
5893
6248
5973
5892
6293
6033
5837
6003
5790
5711
6194
5768
5927
5998
6089
5948
5979
5947
6049
6031
5769
5975
6098
5949
5936
6299
6023
5943
6231
5854
5761
5934
6085
6267
5716
6293
6204
6166
6053
6008
5723
5784
5892
6167
6148
5769
5830
5911
5714
6190
5727
6043
6104
6099
5974
6295
6206
6058
5889
5958
5909
6189
5747
5740
5918
6064
6275
5726
6189
5803
5766
5712
5940
6270
5976
5895
6141
6286
5951
5809
6087
5983
5785
6290
5750
5786
6255
6281
6228
6002
5977
5962
5724
6265
5972
5932
5985
5728
5746
6189
6178
5783
6025
5965
5760
5945
6078
6121
5755
5820
6027
5873
6234
5951
6175
5836
5834
5701
6037
6010
6274
6090
6256
6171
5980
5835
6045
6182
5725
5818
6073
6212
6137
5898
6005
6262
6217
5992
6039
6147
5846
6203
5931
5815
5939
5758
6129
5945
6094
6099
6145
6172
5775
5962
5972
6273
5780
6138
6197
6242
5908
5703
6177
5825
6034
5901
5778
6082
6069
6036
6178
6239
5838
5821
5926
6163
6177
6275
5824
5881
5800
5861
5762
6102
6148
6195
5784
5716
5837
6207
5893
5984
6244
5959
5921
6158
5743
5968
6177
5819
6157
5941
6191
5764
6123
6015
5972
6229
5941
6215
5915
6236
6257
5859
5800
5952
5993
5941
6129
6148
6127
6098
5724
5824
5974
5833
5785
5738
5870
5962
5929
5984
6209
6178
6023
5785
5700
5924
6093
6005
6112
5865
6067
6107
6177
6284
5804
6090
5934
5791
5721
5785
5834
6290
5842
6298
6186
5918
5721
6124
6097
6076
5954
5969
5808
6027
6193
5968
6066
5802
5738
5700
5719
6218
6190
6284
5839
5856
5708
6132
6178
6114
6287
5739
6174
6120
5727
5854
5888
5941
6298
6142
6102
5821
5804
5846
6156
6209
6133
6008
6261
6233
5986
6104
6285
6242
5942
6160
6261
6120
5843
6278
6287
5813
6163
6091
6234
5715
5756
6061
6112
5911
6259
5751
5838
5870
6024
5807
5907
5884
5851
6001
5789
6058
6141
6290
5913
6112
6155
5760
6193
5772
5902
5976
6043
5873
5966
5751
5975
6228
6232
6261
5769
5803
6029
6007
5992
5751
6253
5892
6070
6019
5972
5707
5994
6205
5940
6283
6162
6109
6107
5738
5860
5771
6071
5954
6247
5814
5823
5929
6189
5866
6187
6056
5932
5970
6239
5966
5822
5783
6060
5853
5805
5791
5759
5886
6187
6129
5742
5817
6145
6056
5888
5952
5854
6166
6133
5860
6219
6131
5838
5967
6276
5798
6014
5820
6153
5707
5969
5916
5822
5742
5907
6163
6160
6047
6293
6130
5817
5943
5876
5814
6126
6017
5834
5920
6071
6092
6264
6254
5966
5993
5764
6075
6100
5912
5800
6051
5976
6079
5843
6177
5889
6061
6285
6172
5734
5844
5861
6063
5804
6046
6188
6208
5857
5930
6023
6164
6174
5846
5737
5881
5818
5911
5792
5891
5932
5823
6161
5891
5961
6030
5998
6269
6191
5700
6079
5817
6217
5814
6095
5941
6236
5967
6128
5953
6009
5873
6281
5803
5869
5916
5783
5867
6285
5902
6130
6057
6181
6267
6210
5766
5787
6271
6177
5745
6064
5938
5771
5947
6015
6092
6011
5957
5905
5753
6271
5880
6240
6030
6175
6020
6290
5877
5898
6086
5704
5989
6131
6044
6288
5910
5818
6219
5959
6227
5909
6219
6179
6216
6000
6096
5753
5758
6130
6293
5906
6149
6154
5972
6060
5994
5754
6233
5846
5729
5971
5928
6059
5741
5721
6188
5866
5733
5985
6170
5829
6161
5760
6108
6282
6262
5806
5978
6279
5797
5787
6238
5769
5883
5840
6295
5766
5733
6009
6257
6217
6034
5953
5835
5958
5893
6143
5793
5966
5851
5840
5994
6037
6074
5812
5797
6251
5995
5917
5792
5992
6137
6230
5713
5796
5810
6289
5928
6109
6286
6244
5940
6082
6069
5820
6093
5992
6262
6114
6227
6107
6294
6005
6013
6111
6013
5793
6164
6103
5895
6062
6281
6246
6209
6148
5868
5924
6011
5854
5735
6227
5933
5740
5762
5827
6277
6117
6240
6242
5800
5900
6258
6176
5854
5835
5930
6131
5995
6237
5723
6222
6227
6129
5911
5711
6054
6180
5953
5993
6021
6085
5828
5943
6100
6055
5771
5970
5952
6075
5931
6140
6234
5740
5886
5734
6148
6039
6265
5896
5812
5762
6152
5831
6287
6164
5857
6148
5856
6070
5750
5882
5801
5793
5799
6232
6144
6231
5775
6104
6150
5726
5966
6038
5701
6123
5743
6141
6080
6195
5818
5759
5863
5728
6029
6188
5754
5913
6079
6269
5766
6179
6277
5937
6102
6015
6192
6223
6172
5748
6023
6053
6048
6095
6297
6008
5808
5711
5893
6165
6081
5902
5910
5928
5956
5805
6265
5723
6069
6015
6153
5705
5984
5778
6045
5940
5933
5785
6200
5868
6294
6133
5785
6048
5981
5732
5756
6210
5772
6282
6201
6006
6135
6160
5771
5827
6237
6243
5868
5733
6095
6071
6103
5842
5711
5779
6134
5812
6293
6230
6061
6134
5758
6026
6206
6091
5743
5888
5927
6019
5784
6124
6193
6135
5724
6194
6282
6167
5927
6105
6046
5986
6089
5840
5937
5750
5859
6278
5856
5977
5703
6142
6000
5911
6125
5843
6295
5716
5915
5704
5706
5868
6141
6035
5798
5825
5813
6123
5812
5718
6157
6096
6239
5786
5994
5746
5743
6022
6011
5780
5755
6258
6147
5770
6090
5973
5827
6113
6154
5796
6172
6150
6141
6141
5946
5825
5713
5724
6229
5995
5903
6294
5893
5967
6287
6140
6179
6141
5825
6234
5760
5900
5807
5921
5792
5793
6017
6217
5703
6043
6193
6139
5911
6225
5728
5878
6248
6150
5792
5744
6154
5923
6053
5736
6047
6046
5926
6161
6004
5738
5871
6186
5905
6199
6156
6028
5767
5851
5919
5891
5866
6017
5746
5993
5887
5921
5812
5967
5799
5744
6197
5701
6028
6042
6204
6268
6068
5941
5796
6162
6220
5944
6018
5725
5919
5884
5874
5884
5959
6249
5914
5995
6203
5932
5751
6037
6114
6263
6151
5719
5990
5817
5783
5818
5884
5952
6286
5769
6148
5837
6297
6124
6068
5927
6248
5893
5882
6171
5769
5993
6177
6114
6204
6184
6243
5795
6111
5793
5792
5898
5890
6199
6190
5793
5974
6049
6274
6014
6073
5769
6118
6165
5733
5938
5811
5752
6163
6208
6249
5988
5945
5931
5820
6206
5771
6068
6121
5958
6257
5747
5882
5938
5822
6023
6006
5806
6289
6056
6045
6051
6023
6218
6050
5997
6136
6091
5906
6010
5713
5951
5780
5944
5843
6241
6145
5878
5849
5805
6214
6285
5927
5924
6104
5856
6217
5927
6255
6202
6186
5968
5998
6279
6111
6189
6258
5990
5875
5910
6032
5789
5996
6250
6012
6022
6229
6172
5736
5977
5853
5876
6170
5785
5952
6251
6097
6251
5901
6135
6193
5772
6216
5816
5828
6011
6025
6138
5996
6039
5844
6156
5926
6002
6058
6288
5721
6086
6008
6077
5728
6079
6247
6249
5780
5745
6228
5962
5926
6219
6177
5991
6147
6285
6131
5906
5984
6054
6269
6009
6056
5921
6045
5965
6116
5960
5997
6035
6090
5977
6149
5705
5786
6288
5775
6243
6277
6230
5987
5855
5982
5753
5700
5854
5989
5788
5715
5708
5810
6040
5899
6297
5807
5754
6004
6137
5985
6199
5892
5913
5912
5782
6083
6051
6229
6037
5933
6100
5764
5983
6157
6268
6210
6068
6208
5941
5832
6137
5984
5799
6001
6169
6083
6156
6192
6140
5787
5712
5710
6120
6135
6163
6115
5797
5777
6074
6234
6253
6033
5778
6186
6124
6034
5775
6049
5812
6284
5724
5892
6204
5722
6155
6013
6162
6173
5984
5860
6222
5953
5897
6122
6250
6037
5817
6106
5831
6297
6205
6136
5857
6299
5790
5798
6085
6147
6184
6292
5825
6296
6155
5928
6038
6242
5728
6095
5842
5737
5806
5867
5953
5893
6005
5846
5709
5824
5754
5765
5939
6106
5909
6192
5999
5875
6136
5961
6147
5718
6113
6027
5812
5996
6009
5941
6030
5790
5734
5815
5986
6223
5966
5844
6036
6137
5716
6193
5849
6071
5744
6277
5785
6100
5890
5785
5825
6018
6168
6106
5829
5708
5841
5925
6236
6280
5816
6170
6084
6247
6228
6036
5904
6200
6023
6264
5911
6140
5950
5804
5783
5866
6241
5970
5745
6006
5788
6156
6207
6166
6157
6178
6099
5774
6055
6291
6290
6132
5958
5896
6217
5790
6067
6207
6134
5746
5762
5902
6139
6126
6195
6006
6214
5850
6086
6179
6076
5722
5979
6201
5912
5976
5864
5857
5870
5738
6012
6244
6061
6280
5900
5743
5956
5761
5947
6239
5708
5990
5752
6079
5918
6119
5707
5784
6247
6277
5775
5713
5809
5871
6142
5839
6036
5921
6201
5934
5829
6058
5936
5969
5797
6004
6298
5702
6005
5738
5732
5965
6216
5781
6279
5723
6227
6271
5813
5882
5840
5916
5988
6019
5889
5813
5959
6151
6171
6183
5864
5738
5712
5884
5859
5801
6274
6233
5959
5814
5749
6295
6022
6241
5716
6077
6152
6265
5791
5838
5810
6267
5755
6287
5924
5922
5939
6141
5748
6104
5934
5868
5941
6172
5968
5874
6276
6037
5933
5941
6045
5718
6115
5874
5752
5946
6256
6024
6066
6281
6044
6140
6234
5996
6176
6127
5705
5918
5791
6141
5965
6291
5971
5959
6000
6117
5916
5843
5924
5964
6005
6257
6002
6166
5975
5946
5932
6089
5746
6045
5703
6252
5801
6226
6053
5884
6149
6050
5905
6046
6125
5870
6236
6295
5893
6223
5832
5756
5996
5910
6076
5992
5850
5990
6295
5752
6250
6215
6136
6261
5860
6084
6029
5834
5750
6182
5706
5836
6084
6290
5717
6082
6166
6016
6088
6125
6201
5910
6150
5882
6121
6093
5738
6254
6093
6195
6180
5938
6267
5720
5845
5783
6165
5796
5933
5890
6132
6089
6139
6083
5717
6229
5853
6179
5713
6100
6152
5845
5761
6051
5818
5863
5713
6207
5854
5976
5717
6111
5929
6164
6066
6031
6242
6198
6022
6255
6287
5957
6058
5964
6262
5810
6046
6165
6280
6265
6246
6040
5997
5942
5764
6094
6284
5770
6015
6100
5706
6006
5802
5796
6133
6111
6167
6115
5745
5875
6054
5748
6019
6179
6088
6221
6092
6097
6297
6009
5952
5771
5758
6022
6159
5897
5899
5799
6220
5820
5936
5884
5812
5815
6253
5985
6041
6299
5867
5708
5944
5869
5981
5779
5808
6107
6159
6206
6149
5775
6126
6024
5707
6074
6184
6028
6246
5845
5781
6014
6049
5868
5838
6207
6093
5804
6205
6197
5917
6055
6141
6243
6033
5997
5779
6036
6055
6133
5854
6030
5752
5804
6179
6188
5970
6254
5972
6076
6001
6115
5786
5731
5780
5875
5960
5814
6238
6157
6290
5938
5881
6147
6142
5718
6170
6131
5761
5919
6281
6290
5933
5972
6063
6002
6202
6228
5821
5998
5947
5845
5906
6122
5986
6094
5877
5944
5783
6247
5740
6185
5964
6223
6237
6153
5868
6230
5955
5966
5758
6012
5956
6018
5701
5842
5976
6006
6002
6184
5723
5970
6212
6150
5975
6211
6150
6295
5788
5820
6001
6083
5898
5992
5948
5884
5945
5887
5762
5843
5958
5759
6171
5916
6072
5732
6141
5983
6188
6115
5876
6216
5998
5739
5783
5905
5897
6046
6069
5975
6017
6087
5720
5730
5742
5835
6289
6273
6180
5773
6277
5886
6281
6285
6222
6045
6279
6185
5813
6035
6235
5983
6086
6196
5948
5985
6052
6221
5960
6082
5736
6188
5819
6136
6092
5765
5778
6298
5996
6286
5711
5876
6047
5821
6102
5745
5802
6064
6039
5872
6157
6270
6020
6154
5859
5980
5798
6291
6260
6210
5891
5767
6133
6175
5836
6199
6075
6290
6276
5756
6172
6003
5986
6267
6215
5842
5795
6266
6156
6086
5737
6298
5726
6064
6185
6165
6008
6240
5860
6114
5854
5712
6252
6038
6006
6225
5730
6149
6079
5779
6213
5738
5817
5721
6045
6291
5869
5939
6008
6065
6062
5973
5981
6070
6047
5753
6208
6208
6215
5929
6166
5789
5963
6071
5841
5759
5731
5872
5814
5866
5888
5870
6268
6299
5755
5950
5944
6036
5778
5906
5727
5813
6023
6271
6227
5973
5761
6073
6034
6202
6087
5917
5963
5853
6026
5895
5995
6113
5706
6070
6159
6205
5996
5933
5923
5752
6179
6219
5826
6293
6085
6165
5871
6144
6007
6171
5787
6199
6019
5896
6015
5852
5992
6053
6157
6290
6059
5857
5786
5709
6165
6186
5919
5959
5813
5735
6128
6201
5968
5769
6156
5831
6078
5974
6295
5943
5774
5816
5724
6211
6285
6022
6271
6157
5995
6074
5938
6083
5958
6195
6222
5883
5931
5803
6132
6000
6290
6180
5708
6205
6002
5758
5918
6057
6261
5820
5928
5956
6213
6032
5992
6082
5767
6220
5858
5774
6087
5794
5883
6064
5964
6214
6046
6090
5925
6155
6263
5967
6092
6131
6119
6180
6218
6228
5848
6220
5779
5991
5866
6287
6108
5826
6125
6259
5818
5920
6135
5814
5956
5847
6056
5834
6060
5851
5708
5978
5794
6289
5824
5876
5794
6190
6089
6272
5919
6001
5802
5944
5823
5839
5909
6127
5737
6086
6116
5727
5869
5923
6199
6014
5915
5744
5736
5969
5878
6176
6158
5852
5946
5837
6215
5888
5716
5788
6282
6174
6233
6015
5956
6156
5762
5716
6224
5829
6142
5884
5772
6149
6296
5726
5882
5702
5875
5716
5765
5852
5859
5855
5717
5744
6254
5943
5924
5899
5922
5821
5833
5913
5817
5893
5973
5760
6275
5774
6285
5801
6122
5708
6095
5926
6020
6191
5888
5829
5772
6077
6293
5708
5954
6022
5976
5837
5916
5703
5790
5812
5989
6153
6279
5799
6022
5802
5702
6069
5754
5829
5834
6138
5974
6126
5963
6234
5872
6048
5953
6203
6207
6018
6033
6137
5995
6279
5761
6044
5959
5861
6007
6276
5972
5945
6292
5872
5728
5896
5911
6235
5935
5729
5816
5832
6056
6258
6049
5720
6196
6224
6220
6226
5906
6283
6145
6274
5791
5888
6238
5964
5804
6177
6253
6242
5904
5723
6152
5725
5911
5942
6024
6249
6035
6090
6246
5828
6155
5904
6241
5809
5881
5879
6002
6183
5792
6032
6212
5999
5861
5947
5905
5990
5869
6259
5928
6239
5928
6280
5771
5878
6140
6156
6248
5744
5845
6225
5710
6198
6116
6280
5915
5764
5726
5772
6179
6093
5782
5705
6236
6033
6005
6287
5832
5738
6265
6164
5818
6299
5932
5808
5796
5938
6278
6138
6145
6159
5869
5844
6062
5869
5949
5818
5967
6058
6043
5961
6103
5890
6286
5726
5703
5904
6000
6268
6123
5847
6296
6066
5730
5765
6052
5900
5717
6073
5886
6168
6097
6079
6124
6028
6160
5858
5725
6167
5812
5834
6152
6069
5862
6070
6111
6135
5990
6211
5964
6250
5860
6045
6067
5854
5887
6117
6265
6242
5988
5773
6115
6279
5937
6088
5769
6186
5730
5709
6140
5821
6019
6181
6126
6120
5911
5754
5793
6084
6257
5899
6036
5929
6250
6157
5705
5865
6234
5749
6194
6092
5770
5819
5917
6213
5953
6217
5877
6260
6205
5853
6291
6262
6276
5754
5972
6034
5916
6150
5893
6045
5752
6047
5821
5961
6044
6159
5866
6185
5739
6018
5807
6168
6254
5950
5932
6299
5920
6235
6198
6092
6016
6082
6129
5816
5759
6258
6083
5899
6235
6257
5970
5971
5842
6080
5777
6106
5795
5986
5703
6152
5818
5935
5785
5928
6178
5860
5801
6249
6264
6285
5726
6057
6037
5741
6038
5893
5996
6133
5993
6068
5973
6235
6209
5796
6281
6261
6239
5884
5823
5999
6231
6149
5942
5906
5950
5787
5940
6269
5923
6088
5967
5783
6100
6058
5706
5838
5963
6220
6066
5858
6185
5723
6129
5798
6256
5770
6075
5896
6183
6088
6119
6246
6090
6175
5769
6019
0