597
598
609
574
591
575
576
606
586
576
616
617
591
614
590
616
591
592
591
574
599
585
592
623
594
571
615
592
613
621
576
598
588
592
617
577
591
622
586
620
624
619
574
606
620
623
626
622
604
595
578
578
621
602
601
624
629
608
572
574
605
602
579
609
628
593
588
576
589
608
616
586
592
623
608
592
576
602
587
595
597
628
572
597
588
620
582
590
588
609
622
618
592
570
625
585
572
597
586
607
608
607
598
621
626
620
579
575
628
619
610
590
610
597
592
605
605
582
611
584
588
616
584
576
578
579
628
573
585
605
571
625
585
578
604
600
575
614
627
612
571
614
579
579
600
573
600
623
575
620
627
586
607
588
603
586
624
594
601
599
625
615
587
614
587
613
614
580
618
598
591
575
602
583
602
604
606
576
586
582
579
570
584
609
613
601
591
579
589
615
595
595
586
580
625
599
594
616
603
624
579
570
585
603
619
591
602
598
628
621
618
616
580
612
624
589
580
602
612
581
585
574
604
614
592
625
590
624
582
571
592
617
607
579
615
585
624
600
593
604
591
622
602
609
618
602
612
597
618
605
618
573
629
604
614
596
629
628
575
616
576
610
597
622
577
602
586
584
597
611
613
572
621
606
593
578
573
612
628
586
610
601
592
606
620
615
574
576
627
579
573
604
587
618
618
601
606
613
598
617
596
601
587
602
613
617
578
595
598
615
628
627
613
583
571
600
618
581
580
579
602
584
599
591
615
617
583
623
604
602
602
600
571
572
587
587
600
612
594
571
600
573
587
613
589
605
579
617
612
620
612
588
576
577
620
578
581
608
583
590
613
616
612
600
602
618
584
591
588
593
617
595
588
591
587
580
624
628
588
591
593
626
617
628
619
625
575
605
596
576
603
590
580
578
618
602
583
590
616
625
580
589
587
622
572
578
582
599
614
584
578
582
577
602
625
578
594
587
593
619
625
591
579
590
582
618
613
621
624
583
581
590
624
600
587
629
590
588
601
594
610
617
629
595
593
588
622
583
622
621
570
624
610
627
595
619
610
595
621
582
580
619
608
609
581
607
583
603
570
587
596
586
620
612
588
629
588
599
609
599
594
582
570
578
577
578
627
593
580
597
606
584
612
581
629
591
586
620
593
573
606
582
582
611
604
603
612
586
610
605
614
589
606
570
588
602
617
574
610
607
596
600
571
612
619
613
588
615
611
625
606
586
588
608
589
608
607
600
597
599
591
625
608
586
603
589
594
595
603
618
622
593
619
584
598
585
601
603
612
598
581
576
614
576
587
627
619
606
624
581
619
622
616
603
601
605
579
607
570
582
626
601
577
596
592
605
593
624
570
587
575
575
623
591
608
588
588
610
621
597
615
620
605
619
600
599
603
575
584
572
577
582
586
617
592
592
580
571
601
597
615
629
591
628
601
577
598
616
586
589
579
572
576
596
605
618
604
570
603
587
598
593
571
621
612
605
607
596
622
611
586
571
611
605
617
574
588
585
606
604
609
608
584
583
592
585
593
598
623
602
577
570
576
628
600
611
571
609
605
593
586
583
571
595
623
584
620
623
611
597
629
620
613
575
602
579
591
582
606
571
597
580
621
615
602
602
599
590
575
581
628
583
616
628
598
616
621
616
606
587
570
624
619
598
619
614
599
628
587
625
576
594
618
596
578
607
608
600
589
595
596
629
570
580
601
603
625
595
588
610
581
577
617
574
596
617
610
577
624
601
582
601
578
583
595
607
621
594
587
616
598
612
603
590
572
587
608
598
605
599
597
571
583
594
577
591
603
627
591
592
617
575
583
594
594
585
595
611
574
571
582
576
626
613
603
590
570
618
621
603
598
581
606
589
598
570
601
603
589
593
589
583
606
625
575
624
610
585
570
606
605
595
621
598
629
606
592
582
615
570
625
592
595
572
590
606
627
572
578
570
570
586
628
623
570
596
584
623
587
570
625
602
570
617
605
596
571
578
571
578
625
586
595
619
622
586
625
612
593
592
591
612
602
578
608
578
587
624
580
600
605
609
619
625
593
590
589
589
575
581
571
611
622
623
603
619
597
592
603
613
590
604
588
574
613
599
582
594
599
620
575
617
604
577
596
606
593
570
629
620
578
620
621
575
571
600
593
579
585
628
629
596
572
605
597
586
623
618
605
609
603
600
572
575
591
595
617
597
599
584
601
587
608
575
607
628
588
594
622
613
598
614
571
593
620
614
611
617
607
622
601
593
591
613
611
595
591
615
580
585
571
592
582
621
605
585
603
608
609
592
0