933
909
897
892
890
933
909
915
874
879
889
888
940
863
889
886
935
888
908
929
915
891
892
870
940
921
935
914
923
858
910
882
934
885
859
873
862
939
915
867
888
930
929
876
861
921
939
910
887
934
936
867
879
944
894
868
912
911
860
943
902
883
934
912
882
906
891
880
895
886
918
867
921
935
880
912
889
939
934
915
901
926
876
904
855
879
887
936
894
892
935
944
898
938
908
916
928
860
911
884
930
874
923
903
878
914
940
936
878
931
917
933
933
926
864
923
866
888
888
939
878
914
857
922
927
886
922
921
906
922
908
915
901
865
877
880
911
915
932
897
925
864
920
869
908
877
920
921
925
863
903
926
930
872
880
902
904
867
868
892
937
862
864
858
891
918
933
936
895
941
863
902
941
900
866
937
944
910
881
916
940
889
936
928
913
870
925
934
917
906
898
908
920
927
934
885
899
873
930
862
898
938
905
878
925
898
867
916
936
855
863
896
893
912
867
883
884
867
868
855
867
943
867
920
870
863
886
857
909
884
913
873
937
892
856
902
944
910
915
908
879
915
936
860
858
909
867
888
877
944
879
874
907
889
924
895
939
899
944
933
890
938
877
918
875
886
942
896
874
943
913
938
937
884
918
938
887
893
888
859
895
867
895
896
897
926
905
942
931
941
863
855
890
883
923
904
900
882
858
897
857
857
925
915
887
858
866
941
943
902
892
857
873
872
904
920
894
857
914
916
878
915
923
856
864
877
855
857
919
872
910
903
926
895
915
932
876
891
924
888
865
858
892
898
895
879
888
927
928
856
865
897
932
882
866
918
925
922
925
938
931
878
936
924
920
901
926
860
926
865
874
912
868
855
913
906
940
926
912
886
912
864
939
904
923
935
935
886
913
880
925
873
924
867
943
925
863
920
896
869
892
898
921
936
861
863
875
873
911
900
932
936
875
937
933
898
890
940
861
916
919
924
898
893
858
927
938
918
932
858
855
896
869
863
902
883
944
893
864
892
934
916
894
860
893
924
911
884
908
858
876
919
856
879
880
882
871
908
909
931
938
923
908
909
867
932
913
924
925
886
869
925
882
928
929
924
859
940
911
883
894
903
944
924
872
895
893
859
920
881
924
928
861
897
855
915
861
870
876
871
866
904
942
868
880
935
875
911
930
896
903
887
922
937
909
910
857
877
870
883
931
864
943
938
940
880
885
860
933
916
940
855
912
878
879
926
940
871
899
886
892
895
889
885
871
936
895
900
870
857
880
943
928
887
932
903
860
907
862
907
864
912
911
878
936
940
884
883
894
890
919
864
880
907
900
937
887
858
905
933
932
887
943
888
912
860
919
906
933
877
864
891
883
884
933
856
871
898
912
920
919
916
925
896
917
927
943
930
909
931
872
912
898
899
919
874
866
893
928
883
912
884
922
856
926
919
858
930
917
874
886
890
920
881
872
894
925
897
908
886
894
883
862
863
879
919
889
898
880
863
875
877
904
899
884
883
938
940
915
929
918
920
907
870
862
872
912
869
929
885
879
856
936
940
869
935
877
943
891
923
906
859
862
901
899
914
873
912
928
913
921
867
863
855
874
863
895
899
904
891
923
897
913
939
872
894
939
855
882
889
863
916
913
907
867
886
899
941
891
914
898
923
906
908
931
899
870
917
887
925
876
885
878
893
872
878
868
856
939
930
881
916
937
916
934
906
873
905
879
872
942
889
916
916
944
883
906
935
858
937
860
855
928
867
877
861
898
938
911
876
920
873
937
906
924
868
914
862
937
876
898
897
925
874
887
862
939
910
855
898
897
934
932
893
895
926
866
899
922
939
888
934
894
871
922
911
937
855
944
911
917
938
915
858
900
856
944
861
862
894
897
912
940
881
923
927
859
901
898
895
864
926
933
882
891
893
869
885
858
922
944
861
857
897
882
928
925
932
878
865
942
858
911
879
921
872
929
865
896
917
909
929
911
878
919
870
895
917
895
936
861
934
908
912
864
856
900
937
859
879
896
858
869
931
893
913
862
935
938
929
879
881
922
856
883
916
857
896
907
888
926
926
906
915
913
944
866
885
904
942
922
879
920
856
941
942
863
898
864
878
926
928
874
921
938
932
930
907
865
912
916
942
885
921
942
886
912
870
859
883
896
922
870
857
896
932
910
908
916
915
915
885
940
875
905
912
873
881
859
934
866
899
873
915
943
864
934
932
884
894
914
891
855
921
878
883
895
878
881
914
859
917
915
909
939
908
911
944
886
933
884
866
936
863
931
918
900
875
894
896
0