296
302
289
295
314
289
303
303
307
299
290
290
286
312
286
296
310
287
312
291
306
309
287
288
307
307
306
311
293
290
302
291
296
303
294
307
302
304
310
309
308
306
287
288
288
299
306
286
308
313
302
299
307
312
312
304
308
306
304
313
301
290
305
297
303
301
295
287
289
313
311
300
305
294
295
305
291
306
288
293
294
308
309
289
291
305
301
311
296
313
309
294
311
298
302
313
293
297
294
296
288
290
304
303
309
285
312
311
308
291
296
290
299
307
285
294
302
288
312
297
301
285
296
291
290
302
300
289
296
307
305
295
306
289
301
295
312
296
292
312
292
302
288
288
290
314
304
293
296
303
287
301
311
295
288
293
285
296
297
290
295
314
309
302
293
288
310
306
287
305
286
311
299
295
291
306
303
294
303
289
286
309
308
304
303
293
285
293
292
302
293
298
303
298
302
306
285
302
298
289
314
311
290
306
305
314
304
311
313
288
299
313
309
314
304
287
300
310
288
288
298
312
289
308
293
285
303
303
285
311
293
296
314
293
304
292
297
297
313
307
293
314
295
302
293
296
300
313
301
306
287
309
287
300
303
311
307
311
290
308
304
297
309
291
296
303
287
306
286
314
302
291
307
314
290
287
305
305
288
304
296
303
306
294
300
298
307
310
287
310
313
301
312
312
307
287
314
309
296
314
311
294
313
297
290
310
299
304
286
287
310
285
313
288
314
288
304
301
292
304
304
292
291
304
298
290
312
301
311
310
293
307
290
309
309
286
311
286
311
308
308
310
300
298
297
293
287
290
308
291
286
313
291
307
286
289
291
287
304
286
300
305
298
311
299
314
297
294
288
299
309
305
290
294
301
288
289
287
293
293
292
290
303
296
287
310
302
289
299
309
309
299
297
314
298
305
302
292
303
302
298
305
308
313
287
290
297
305
308
292
287
304
302
300
298
289
298
287
296
306
298
297
300
308
300
296
287
307
287
311
299
295
302
305
288
299
305
295
310
308
286
305
311
302
310
295
305
299
310
309
314
310
311
289
293
307
286
311
313
288
286
299
313
309
314
307
295
312
295
291
295
302
295
290
291
302
298
303
309
294
307
301
300
292
312
299
300
292
304
293
298
305
287
307
288
311
302
286
310
290
289
295
307
301
305
301
286
306
306
302
288
295
285
299
293
298
305
286
287
314
285
298
313
313
310
302
302
285
303
304
308
295
292
299
312
293
308
292
286
305
285
303
288
309
310
285
286
309
310
301
297
295
298
310
291
311
291
312
291
292
312
306
304
306
311
287
292
287
312
291
290
296
288
294
304
290
304
307
291
290
308
297
299
289
309
307
292
314
287
308
312
308
296
310
302
303
310
293
288
287
309
286
286
300
294
290
296
305
291
299
310
298
285
313
304
306
298
299
302
299
291
298
291
310
287
303
296
285
298
306
310
300
287
287
296
292
309
293
297
308
291
298
305
298
290
287
293
295
312
307
287
290
314
296
285
313
290
295
312
294
295
310
288
309
306
295
309
293
290
314
287
300
289
286
288
304
300
313
297
312
314
291
286
292
302
306
314
295
288
299
306
302
310
298
308
307
309
306
307
294
285
313
292
289
310
291
303
295
302
312
309
308
296
298
291
308
295
286
294
285
299
297
314
288
286
299
303
307
285
290
310
294
288
307
293
312
309
313
286
299
308
290
290
287
311
303
314
307
314
290
314
299
300
285
310
293
313
285
286
288
297
307
287
292
295
288
306
288
308
302
305
314
290
300
313
288
312
303
288
292
314
288
294
286
313
287
293
305
296
303
299
293
301
285
314
288
295
285
313
292
291
308
290
291
290
303
298
294
289
313
288
314
292
301
309
300
293
311
286
310
300
296
304
301
299
290
309
287
290
288
287
311
303
307
311
311
298
294
289
300
301
307
310
288
290
301
291
296
289
309
291
307
311
313
307
290
300
306
305
306
300
286
312
301
295
285
307
289
288
288
311
297
313
287
288
309
298
299
308
291
313
309
302
298
304
313
295
305
303
313
305
290
296
309
308
301
288
314
307
306
304
303
307
288
299
285
287
308
306
304
293
294
303
314
286
288
300
286
299
287
300
308
293
294
287
313
302
305
306
309
313
286
314
298
300
294
292
294
313
285
306
299
312
300
300
300
285
294
287
293
287
289
290
295
289
309
295
310
286
286
310
314
295
293
288
293
292
297
301
294
298
303
296
295
298
288
313
299
313
285
286
310
299
306
308
292
308
300
293
290
301
314
285
303
294
298
291
305
291
294
0